Data,Saida_Estimada,Saida,Erro
2020-04-01,1,1,0
2020-04-02,1,1,0
2020-04-03,1,1,0
2020-04-04,1,2,1
2020-04-05,2,4,2
2020-04-06,4,4,0
2020-04-07,4,4,0
2020-04-08,4,12,8
2020-04-09,12,13,1
2020-04-10,13,14,1
2020-04-11,14,14,0
2020-04-12,14,19,5
2020-04-13,19,19,0
2020-04-14,19,19,0
2020-04-15,19,18,-1
2020-04-16,18,18,0
2020-04-17,18,18,0
2020-04-18,18,19,1
2020-04-19,19,20,1
2020-04-20,20,20,0
2020-04-21,20,22,2
2020-04-22,22,23,1
2020-04-23,23,23,0
2020-04-24,23,23,0
2020-04-25,23,25,2
2020-04-26,25,25,0
2020-04-27,25,25,0
2020-04-28,25,28,3
2020-04-29,28,28,0
2020-04-30,28,28,0
2020-05-01,28,32,4
2020-05-02,32,32,0
2020-05-03,32,33,1
2020-05-04,33,34,1
2020-05-05,34,34,0
2020-05-06,34,34,0
2020-05-07,34,34,0
2020-05-08,34,42,8
2020-05-09,42,43,1
2020-05-10,43,44,1
2020-05-11,44,45,1
2020-05-12,45,49,4
2020-05-13,49,49,+
2020-05-14,49,49,+
2020-05-15,49,67,18
2020-05-16,67,67,+
2020-05-17,67,67,+
2020-05-18,70.478,72,1.52204
2020-05-19,73.9744,86,12.0256
2020-05-20,77.4893,92,14.5107
2020-05-21,81.023,98,16.977
2020-05-22,84.5753,97,12.4247
2020-05-23,88.1466,105,16.8534
2020-05-24,91.7367,105,13.2633
2020-05-25,95.346,104,8.65403
2020-05-26,98.9743,102,3.02565
2020-05-27,102.622,104,1.37802
2020-05-28,106.289,104,-2.28897
2020-05-29,109.975,107,-2.97542
2020-05-30,113.681,108,-5.68143
2020-05-31,117.407,123,5.59289
2020-06-01,121.153,126,4.84744
2020-06-02,124.918,156,31.0821
