Data,Saida_Estimada,Saida,Erro
2020-03-28,2,2,0
2020-03-29,2,2,0
2020-03-30,2,2,0
2020-03-31,2,4,2
2020-04-01,4,4,0
2020-04-02,4,4,0
2020-04-03,4,5,1
2020-04-04,5,6,1
2020-04-05,6,7,1
2020-04-06,7,8,1
2020-04-07,8,12,4
2020-04-08,12,16,4
2020-04-09,16,18,2
2020-04-10,18,19,1
2020-04-11,19,20,1
2020-04-12,20,21,1
2020-04-13,21,26,5
2020-04-14,26,28,2
2020-04-15,28,28,0
2020-04-16,28,32,4
2020-04-17,32,32,0
2020-04-18,32,32,0
2020-04-19,32,40,8
2020-04-20,40,53,13
2020-04-21,53,58,5
2020-04-22,58,70,12
2020-04-23,70,99,29
2020-04-24,99,104,5
2020-04-25,104,114,10
2020-04-26,114,144,30
2020-04-27,144,148,4
2020-04-28,148,159,11
2020-04-29,159,164,5
2020-04-30,164,171,7
2020-05-01,171,197,26
2020-05-02,197,212,15
2020-05-03,212,225,13
2020-05-04,225,233,8
2020-05-05,233,239,6
2020-05-06,239,257,18
2020-05-07,257,283,26
2020-05-08,283,285,2
2020-05-09,285,323,38
2020-05-10,323,328,5
2020-05-11,328,328,+
2020-05-12,328,353,25
2020-05-13,353,368,15
2020-05-14,368,421,53
2020-05-15,421,598,177
2020-05-16,599,606,7
2020-05-17,623.256,634,10.7443
2020-05-18,647.566,638,-9.56583
2020-05-19,671.931,717,45.0694
2020-05-20,696.35,693,-3.35022
2020-05-21,720.825,745,24.1753
2020-05-22,745.354,783,37.6459
2020-05-23,769.939,808,38.0613
2020-05-24,794.579,832,37.4214
2020-05-25,819.274,845,25.7262
2020-05-26,844.025,783,-61.0245
2020-05-27,868.831,823,-45.8309
2020-05-28,893.693,857,-36.693
2020-05-29,918.611,884,-34.611
2020-05-30,943.585,910,-33.585
2020-05-31,968.615,934,-34.6151
2020-06-01,993.701,944,-49.7015
