Data,Saida_Estimada,Saida,Erro
2020-04-13,1,0
2020-04-14,2,0
2020-04-15,2,0
2020-04-16,2,0
2020-04-17,2,0
2020-04-18,2,0
2020-04-19,2,5
2020-04-20,7,0
2020-04-21,7,0
2020-04-22,7,0
2020-04-23,7,0
2020-04-24,7,0
2020-04-25,7,0
2020-04-26,7,6
2020-04-27,13,2
2020-04-28,15,0
2020-04-29,15,1
2020-04-30,16,0
2020-05-01,16,2
2020-05-02,18,8
2020-05-03,26,1
2020-05-04,27,0
2020-05-05,27,2
2020-05-06,29,0
2020-05-07,29,5
2020-05-08,34,5
2020-05-09,39,4
2020-05-10,43,4
2020-05-11,47,0
2020-05-12,47,0
2020-05-13,47,2
2020-05-14,49,4
2020-05-15,53,0
2020-05-16,53,3
2020-05-17,56,6
2020-05-18,62,6
2020-05-19,68,0
2020-05-20,68,2
2020-05-21,70,1
2020-05-22,71,0
2020-05-23,71,15
2020-05-24,87,4
2020-05-25,91,1
2020-05-26,92,4
2020-05-27,96,+
2020-05-28,96,+
2020-05-29,96,+
2020-05-30,96,+
2020-05-31,96,50
2020-06-01,148,-2
2020-06-02,147,16
2020-06-03,164,+
2020-06-04,165,119
2020-06-05,289,51
2020-06-06,344,-3
2020-06-07,344,1
2020-06-08,348,96
2020-06-09,450,-5
2020-06-10,449,-2
2020-06-11,451,7
2020-06-12,462,-462
2020-06-13,464,+
2020-06-14,467,+
2020-06-15,470,+
2020-06-16,473,+
2020-06-17,476,+
2020-06-18,478,+
2020-06-19,481,+
2020-06-20,484,+
2020-06-21,487,+
2020-06-22,490,+
2020-06-23,493,+
2020-06-24,496,+
2020-06-25,500,+
2020-06-26,503,+
2020-06-27,506,+
