Data,Saida_Estimada,Saida,Erro
2020-04-13,1,1,0
2020-04-14,2,2,0
2020-04-15,2,2,0
2020-04-16,2,2,0
2020-04-17,2,2,0
2020-04-18,2,2,0
2020-04-19,2,7,5
2020-04-20,7,7,0
2020-04-21,7,7,0
2020-04-22,7,7,0
2020-04-23,7,7,0
2020-04-24,7,7,0
2020-04-25,7,7,0
2020-04-26,7,13,6
2020-04-27,13,15,2
2020-04-28,15,15,0
2020-04-29,15,16,1
2020-04-30,16,16,0
2020-05-01,16,18,2
2020-05-02,18,26,8
2020-05-03,26,27,1
2020-05-04,27,27,0
2020-05-05,27,29,2
2020-05-06,29,29,0
2020-05-07,29,34,5
2020-05-08,34,39,5
2020-05-09,39,43,4
2020-05-10,43,47,4
2020-05-11,47,47,0
2020-05-12,47,47,0
2020-05-13,47,49,2
2020-05-14,49,53,4
2020-05-15,53,53,0
2020-05-16,53,56,3
2020-05-17,56,62,6
2020-05-18,62,68,6
2020-05-19,68,68,0
2020-05-20,68,70,2
2020-05-21,70,71,1
2020-05-22,71,71,0
2020-05-23,71,86,15
2020-05-24,87,91,4
2020-05-25,91,92,1
2020-05-26,92,96,4
2020-05-27,96,96,+
2020-05-28,96.9086,96,-0.908552
2020-05-29,97.8445,96,-1.84453
2020-05-30,98.7899,96,-2.78994
2020-05-31,99.7445,146,46.2555
2020-06-01,100.708,146,45.2917
2020-06-02,101.681,163,61.3186
2020-06-03,102.664,164,61.3362
2020-06-04,103.656,284,180.344
2020-06-05,104.657,340,235.343
2020-06-06,105.669,341,235.331
2020-06-07,106.69,345,238.31
2020-06-08,107.721,444,336.279
2020-06-09,108.761,445,336.239
2020-06-10,109.812,447,337.188
2020-06-11,110.873,458,347.127
2020-06-12,111.945,2.45057e-321,-111.945
