Data,Saida_Estimada,Saida,Erro
2020-03-10,1,1,0
2020-03-11,1,2,1
2020-03-12,2,4,2
2020-03-13,4,4,0
2020-03-14,4,6,2
2020-03-15,6,6,0
2020-03-16,6,6,0
2020-03-17,6,10,4
2020-03-18,10,19,9
2020-03-19,20,28,8
2020-03-20,29,37,8
2020-03-21,39,60,21
2020-03-22,63,72,9
2020-03-23,76,86,10
2020-03-24,91,98,7
2020-03-25,103,123,20
2020-03-26,130,168,38
2020-03-27,177,195,18
2020-03-28,206,197,-9
2020-03-29,208,226,18
2020-03-30,239,241,2
2020-03-31,255,274,19
2020-04-01,290,306,16
2020-04-02,324,334,10
2020-04-03,353,396,43
2020-04-04,419,410,-9
2020-04-05,434,418,-16
2020-04-06,442,481,39
2020-04-07,509,508,-1
2020-04-08,537,555,18
2020-04-09,587,618,31
2020-04-10,654,636,-18
2020-04-11,673,640,-33
2020-04-12,677,653,-24
2020-04-13,691,664,-27
2020-04-14,703,700,-3
2020-04-15,741,747,6
2020-04-16,791,780,-11
2020-04-17,825,802,-23
2020-04-18,849,831,-18
2020-04-19,879,854,-25
2020-04-20,904,889,-15
2020-04-21,941,904,-37
2020-04-22,957,923,-34
2020-04-23,977,994,17
2020-04-24,1052,1061,9
2020-04-25,1123,1096,-27
2020-04-26,1160,1166,6
2020-04-27,1234,1228,-6
2020-04-28,1300,1286,-14
2020-04-29,1361,1368,7
2020-04-30,1448,1466,18
2020-05-01,1552,1529,-23
2020-05-02,1619,1619,+
2020-05-03,1714,1666,-48
2020-05-04,1764,1711,-53
2020-05-05,1811,1815,4
2020-05-06,1921,2050,129
2020-05-07,2170,2129,-41
2020-05-08,2254,2447,193
2020-05-09,2591,2493,-98
2020-05-10,2639,2542,-97
2020-05-11,2691,2576,-115
2020-05-12,2727,2917,190
2020-05-13,3088,2917,-171
2020-05-14,3088,2997,-91
2020-05-15,3173,3597,424
2020-05-16,3808,3695,-113
2020-05-17,3912,3735,-177
2020-05-18,3955,3735,-220
2020-05-19,3955,3750,-205
2020-05-20,3970,4973,1003
2020-05-21,5265,5473,208
2020-05-22,5795,5918,123
2020-05-23,6266,6336,70
2020-05-24,6709,6470,-239
2020-05-25,6851,6559,-292
2020-05-26,6945,6785,-160
2020-05-27,7184,7048,-136
2020-05-28,7463,8234,771
2020-05-29,8719,8234,-485
2020-05-30,9230.67,9242,11.3337
