Data,Saida_Estimada,Saida,Erro
2020-02-25,0,0,0
2020-02-26,0,0,0
2020-02-27,0,0,0
2020-02-28,0,0,0
2020-02-29,0,0,0
2020-03-01,0,0,0
2020-03-02,0,0,0
2020-03-03,0,0,0
2020-03-04,0,0,0
2020-03-05,0,0,0
2020-03-06,0,0,0
2020-03-07,0,0,0
2020-03-08,0,0,0
2020-03-09,0,0,0
2020-03-10,1,1,0
2020-03-11,1,2,1
2020-03-12,1,4,3
2020-03-13,3,4,1
2020-03-14,4,6,2
2020-03-15,6,6,0
2020-03-16,6,6,0
2020-03-17,6,10,4
2020-03-18,10,19,9
2020-03-19,19,28,9
2020-03-20,28,37,9
2020-03-21,37,60,23
2020-03-22,60,72,12
2020-03-23,73,86,13
2020-03-24,87,98,11
2020-03-25,100,123,23
2020-03-26,125,168,43
2020-03-27,170,195,25
2020-03-28,199,197,-2
2020-03-29,202,226,24
2020-03-30,230,241,11
2020-03-31,247,274,27
2020-04-01,280,306,26
2020-04-02,313,334,21
2020-04-03,342,396,54
2020-04-04,403,410,7
2020-04-05,421,418,-3
2020-04-06,429,481,52
2020-04-07,491,508,17
2020-04-08,521,555,34
2020-04-09,568,618,50
2020-04-10,632,636,4
2020-04-11,653,640,-13
2020-04-12,658,653,-5
2020-04-13,671,664,-7
2020-04-14,682,700,18
2020-04-15,718,747,29
2020-04-16,766,780,14
2020-04-17,801,802,1
2020-04-18,824,831,7
2020-04-19,853,854,1
2020-04-20,877,889,12
2020-04-21,913,904,-9
2020-04-22,929,923,-6
2020-04-23,949,994,45
2020-04-24,1019,1061,42
2020-04-25,1088,1096,8
2020-04-26,1126,1166,40
2020-04-27,1196,1228,32
2020-04-28,1260,1286,26
2020-04-29,1320,1368,48
2020-04-30,1403,1466,63
2020-05-01,1503,1529,26
2020-05-02,1570,1619,49
2020-05-03,1661,1666,5
2020-05-04,1712,1711,-1
2020-05-05,1758,1815,57
2020-05-06,1862,2050,188
2020-05-07,2096,2129,33
2020-05-08,2187,2447,260
2020-05-09,2500,2493,-7
2020-05-10,2563,2542,-21
2020-05-11,2614,2576,-38
2020-05-12,2650,2917,267
2020-05-13,2982,2917,-65
2020-05-14,3003,2997,-6
2020-05-15,3080,3597,517
2020-05-16,3667,3695,28
2020-05-17,3798,3735,-63
2020-05-18,3842,3735,-107
2020-05-19,3845,3750,-95
2020-05-20,3859,4973,1114
2020-05-21,5046,5473,427
2020-05-22,5604,5918,314
2020-05-23,6066,6336,270
2020-05-24,6498,6470,-28
2020-05-25,6653,6559,-94
2020-05-26,6747,6785,38
2020-05-27,6971,7048,77
2020-05-28,7240,8234,994
2020-05-29,8405,8234,-171
2020-05-30,8477,9242,765
2020-05-31,9454,9332,-122
2020-06-01,9602,9332,-270
2020-06-02,9607,9919,312
2020-06-03,10176,10398,222
2020-06-04,10676,11010,334
2020-06-05,11298,11583,285
2020-06-06,11890,12037,147
2020-06-07,12365,12135,-230
2020-06-08,12487,12250,-237
2020-06-09,12605,12802,197
2020-06-10,13147,13619,472
2020-06-11,13972,14168,196
2020-06-12,14553,14384,-169
2020-06-13,14796,14627,-169
2020-06-14,15044,14661,-383
2020-06-15,15092,15438,346
2020-06-16,15847,16471,624
2020-06-17,16895,17128,233
2020-06-18,17594,17822,228
2020-06-19,18306,18587,281
2020-06-20,19090,19138,48
2020-06-21,19670,19348,-322
2020-06-22,19907,19710,-197
2020-06-23,20270,20864,594
2020-06-24,21410,22009,599
2020-06-25,22590,23060,470
2020-06-26,23678,24114,436
2020-06-27,24763,25000,237
2020-06-28,25685,25243,-442
2020-06-29,25974,25659,-315
2020-06-30,26392,26941,549
2020-07-01,27659,28171,512
2020-07-02,28929,29195,266
2020-07-03,29996,30371,375
2020-07-04,31197,31619,422
2020-07-05,32478,31955,-523
2020-07-06,32879,32401,-478
2020-07-07,33331,33800,469
2020-07-08,34714,35557,843
2020-07-09,36501,36434,-67
2020-07-10,37457,37490,33
2020-07-11,38534,38720,186
2020-07-12,39790,39240,-550
2020-07-13,40368,39656,-712
2020-07-14,40803,40993,190
2020-07-15,42123,42239,116
2020-07-16,43412,45344,1932
2020-07-17,46496,46710,214
2020-07-18,48008,46847,-1161
2020-07-19,48223,47113,-1110
2020-07-20,48489,47449,-1040
2020-07-21,48831,49840,1009
2020-07-22,51168,53073,1905
2020-07-23,54446,54841,395
2020-07-24,56355,57007,652
2020-07-25,58561,59118,557
2020-07-26,60737,59779,-958
2020-07-27,62434.5,60044,-2390.47
2020-07-28,64177.4,62347,-1830.37
2020-07-29,65969,64496,-1473.04
2020-07-30,67810.7,66473,-1337.72
2020-07-31,69703.8,66692,-3011.82
2020-08-01,71649.8,70456,-1193.77
2020-08-02,73650,71040,-2610.05
2020-08-03,75706.2,71479,-4227.17
2020-08-04,77819.7,73618,-4201.69
2020-08-05,79992.2,76563,-3429.21
2020-08-06,82225.4,78837,-3388.38
2020-08-07,84520.9,79026,-5494.9
2020-08-08,86880.5,83595,-3285.51
2020-08-09,89306,83991,-5314.99
2020-08-10,91799.2,84034,-7765.18
2020-08-11,94362,3.95253e-322,-94362
