Data,Saida_Estimada,Saida,Erro
2020-02-25,0,0,0
2020-02-26,0,0,0
2020-02-27,0,0,0
2020-02-28,0,0,0
2020-02-29,0,0,0
2020-03-01,0,0,0
2020-03-02,0,0,0
2020-03-03,0,0,0
2020-03-04,0,0,0
2020-03-05,0,0,0
2020-03-06,0,0,0
2020-03-07,0,0,0
2020-03-08,0,0,0
2020-03-09,0,0,0
2020-03-10,0,1,1
2020-03-11,1,2,1
2020-03-12,2,4,2
2020-03-13,4,4,0
2020-03-14,4,6,2
2020-03-15,6,6,0
2020-03-16,6,6,0
2020-03-17,6,10,4
2020-03-18,10,19,9
2020-03-19,19,28,9
2020-03-20,29,37,8
2020-03-21,38,60,22
2020-03-22,63,72,9
2020-03-23,75,86,11
2020-03-24,90,98,8
2020-03-25,102,123,21
2020-03-26,129,168,39
2020-03-27,176,195,19
2020-03-28,204,197,-7
2020-03-29,207,226,19
2020-03-30,237,241,4
2020-03-31,253,274,21
2020-04-01,287,306,19
2020-04-02,321,334,13
2020-04-03,350,396,46
2020-04-04,416,410,-6
2020-04-05,430,418,-12
2020-04-06,439,481,42
2020-04-07,505,508,3
2020-04-08,533,555,22
2020-04-09,583,618,35
2020-04-10,649,636,-13
2020-04-11,668,640,-28
2020-04-12,672,653,-19
2020-04-13,686,664,-22
2020-04-14,697,700,3
2020-04-15,735,747,12
2020-04-16,784,780,-4
2020-04-17,819,802,-17
2020-04-18,842,831,-11
2020-04-19,873,854,-19
2020-04-20,897,889,-8
2020-04-21,934,904,-30
2020-04-22,949,923,-26
2020-04-23,969,994,25
2020-04-24,1044,1061,17
2020-04-25,1114,1096,-18
2020-04-26,1151,1166,15
2020-04-27,1225,1228,3
2020-04-28,1290,1286,-4
2020-04-29,1351,1368,17
2020-04-30,1437,1466,29
2020-05-01,1540,1529,-11
2020-05-02,1606,1619,13
2020-05-03,1701,1666,-35
2020-05-04,1750,1711,-39
2020-05-05,1797,1815,18
2020-05-06,1907,2050,143
2020-05-07,2154,2129,-25
2020-05-08,2237,2447,210
2020-05-09,2571,2493,-78
2020-05-10,2619,2542,-77
2020-05-11,2671,2576,-95
2020-05-12,2706,2917,211
2020-05-13,3065,2917,-148
2020-05-14,3065,2997,-68
2020-05-15,3149,3597,448
2020-05-16,3779,3695,-84
2020-05-17,3882,3735,-147
2020-05-18,3924,3735,-189
2020-05-19,3924,3750,-174
2020-05-20,3940,4973,1033
2020-05-21,5225,5473,248
2020-05-22,5751,5918,167
2020-05-23,6218,6336,118
2020-05-24,6657,6470,-187
2020-05-25,6798,6559,-239
2020-05-26,6892,6785,-107
2020-05-27,7129,7048,-81
2020-05-28,7406,8234,828
2020-05-29,8652,8234,-418
2020-05-30,8652,9242,590
2020-05-31,9711,9332,-379
2020-06-01,9806,9332,-474
2020-06-02,9806,9919,113
2020-06-03,10423,10398,-25
2020-06-04,10962.6,11010,47.3558
