Data,Saida_Estimada,Saida,Erro
2020-02-25,0,0,0
2020-02-26,0,0,0
2020-02-27,0,0,0
2020-02-28,0,0,0
2020-02-29,0,0,0
2020-03-01,0,0,0
2020-03-02,0,0,0
2020-03-03,0,0,0
2020-03-04,0,0,0
2020-03-05,0,0,0
2020-03-06,0,0,0
2020-03-07,0,0,0
2020-03-08,0,0,0
2020-03-09,0,0,0
2020-03-10,1,1,0
2020-03-11,1,2,1
2020-03-12,2,4,2
2020-03-13,4,4,0
2020-03-14,4,6,2
2020-03-15,6,6,0
2020-03-16,6,6,0
2020-03-17,6,10,4
2020-03-18,10,19,9
2020-03-19,19,28,9
2020-03-20,28,37,9
2020-03-21,37,60,23
2020-03-22,61,72,11
2020-03-23,73,86,13
2020-03-24,88,98,10
2020-03-25,100,123,23
2020-03-26,126,168,42
2020-03-27,172,195,23
2020-03-28,199,197,-2
2020-03-29,201,226,25
2020-03-30,231,241,10
2020-03-31,247,274,27
2020-04-01,280,306,26
2020-04-02,313,334,21
2020-04-03,342,396,54
2020-04-04,405,410,5
2020-04-05,420,418,-2
2020-04-06,428,481,53
2020-04-07,493,508,15
2020-04-08,520,555,35
2020-04-09,568,618,50
2020-04-10,633,636,3
2020-04-11,651,640,-11
2020-04-12,655,653,-2
2020-04-13,669,664,-5
2020-04-14,680,700,20
2020-04-15,717,747,30
2020-04-16,765,780,15
2020-04-17,799,802,3
2020-04-18,821,831,10
2020-04-19,851,854,3
2020-04-20,875,889,14
2020-04-21,911,904,-7
2020-04-22,926,923,-3
2020-04-23,945,994,49
2020-04-24,1018,1061,43
2020-04-25,1087,1096,9
2020-04-26,1123,1166,43
2020-04-27,1195,1228,33
2020-04-28,1258,1286,28
2020-04-29,1318,1368,50
2020-04-30,1402,1466,64
2020-05-01,1502,1529,27
2020-05-02,1567,1619,52
2020-05-03,1659,1666,7
2020-05-04,1707,1711,4
2020-05-05,1753,1815,62
2020-05-06,1860,2050,190
2020-05-07,2101,2129,28
2020-05-08,2182,2447,265
2020-05-09,2508,2493,-15
2020-05-10,2555,2542,-13
2020-05-11,2605,2576,-29
2020-05-12,2640,2917,277
2020-05-13,2990,2917,-73
2020-05-14,2989,2997,8
2020-05-15,3071,3597,526
2020-05-16,3687,3695,8
2020-05-17,3787,3735,-52
2020-05-18,3827,3735,-92
2020-05-19,3827,3750,-77
2020-05-20,3843,4973,1130
2020-05-21,5098,5473,375
2020-05-22,5609,5918,309
2020-05-23,6065,6336,271
2020-05-24,6494,6470,-24
2020-05-25,6631,6559,-72
2020-05-26,6722,6785,63
2020-05-27,6954,7048,94
2020-05-28,7223,8234,1011
2020-05-29,8440,8234,-206
2020-05-30,8438,9242,804
2020-05-31,9473,9332,-141
2020-06-01,9564,9332,-232
2020-06-02,9563,9919,356
2020-06-03,10166,10398,232
2020-06-04,10657,11010,353
2020-06-05,11284,11583,299
2020-06-06,11871,12037,166
2020-06-07,12336,12135,-201
2020-06-08,12436,12250,-186
2020-06-09,12554,12802,248
2020-06-10,13121,13619,498
2020-06-11,13958,14168,210
2020-06-12,14521,14384,-137
2020-06-13,14741,14627,-114
2020-06-14,14990,14661,-329
2020-06-15,15025,15438,413
2020-06-16,15823,16471,648
2020-06-17,16882,17128,246
2020-06-18,17554,17822,268
2020-06-19,18266,18587,321
2020-06-20,19050,19138,88
2020-06-21,19614,19348,-266
2020-06-22,19829,19710,-119
2020-06-23,20200,20864,664
2020-06-24,21384,22009,625
2020-06-25,22558,23060,502
2020-06-26,23635,24114,479
2020-06-27,24715,25000,285
2020-06-28,25622,25243,-379
2020-06-29,25870,25659,-211
2020-06-30,26297,26941,644
2020-07-01,27612,28171,559
2020-07-02,28873,29195,322
2020-07-03,29922,30371,449
2020-07-04,31127,31619,492
2020-07-05,32407,31955,-452
2020-07-06,32749,32401,-348
2020-07-07,33207,33800,593
2020-07-08,34642,35557,915
2020-07-09,36443,36434,-9
2020-07-10,37341,37490,149
2020-07-11,38423,38720,297
2020-07-12,39684,39240,-444
2020-07-13,40216,39656,-560
2020-07-14,40642,40993,351
2020-07-15,42014,42239,225
2020-07-16,43291,45344,2053
2020-07-17,46476,46710,234
2020-07-18,47873,46847,-1026
2020-07-19,48011,47113,-898
2020-07-20,48284,47449,-835
2020-07-21,48628,49840,1212
2020-07-22,51083,53073,1990
2020-07-23,54397,54841,444
2020-07-24,56207,57007,800
2020-07-25,58427,59118,691
2020-07-26,60591,59779,-812
2020-07-27,61265,60044,-1221
2020-07-28,61536,62347,811
2020-07-29,63900,64496,596
2020-07-30,66102,66473,371
2020-07-31,68128,66692,-1436
2020-08-01,68349,70456,2107
2020-08-02,72213,71040,-1173
2020-08-03,72806,71479,-1327
2020-08-04,73256,73618,362
2020-08-05,75079.9,76563,1483.09
2020-08-06,76949.2,78837,1887.76
2020-08-07,78865.1,79026,160.887
2020-08-08,80828.7,83595,2766.31
2020-08-09,82841.1,83991,1149.85
2020-08-10,84903.7,84034,-869.714
2020-08-11,87017.6,87415,397.365
2020-08-12,89184.2,90049,864.812
2020-08-13,91404.7,92560,1155.32
2020-08-14,93680.5,95142,1461.54
2020-08-15,96012.9,97445,1432.09
2020-08-16,98403.4,97877,-526.423
2020-08-17,100853,98007,-2846.46
2020-08-18,103364,101217,-2147.49
2020-08-19,105938,103891,-2047.05
2020-08-20,108576,2.30086e-320,-108576
