Data,Saida_Estimada,Saida,Erro
2020-03-10,1,1,0
2020-03-11,1,2,1
2020-03-12,2,4,2
2020-03-13,4,4,0
2020-03-14,4,6,2
2020-03-15,6,6,0
2020-03-16,6,6,0
2020-03-17,6,10,4
2020-03-18,10,19,9
2020-03-19,19,28,9
2020-03-20,29,37,8
2020-03-21,38,60,22
2020-03-22,62,72,10
2020-03-23,75,86,11
2020-03-24,90,98,8
2020-03-25,102,123,21
2020-03-26,129,168,39
2020-03-27,176,195,19
2020-03-28,204,197,-7
2020-03-29,206,226,20
2020-03-30,237,241,4
2020-03-31,253,274,21
2020-04-01,287,306,19
2020-04-02,321,334,13
2020-04-03,350,396,46
2020-04-04,415,410,-5
2020-04-05,430,418,-12
2020-04-06,438,481,43
2020-04-07,505,508,3
2020-04-08,533,555,22
2020-04-09,582,618,36
2020-04-10,648,636,-12
2020-04-11,667,640,-27
2020-04-12,671,653,-18
2020-04-13,685,664,-21
2020-04-14,697,700,3
2020-04-15,734,747,13
2020-04-16,784,780,-4
2020-04-17,818,802,-16
2020-04-18,842,831,-11
2020-04-19,872,854,-18
2020-04-20,896,889,-7
2020-04-21,933,904,-29
2020-04-22,949,923,-26
2020-04-23,969,994,25
2020-04-24,1043,1061,18
2020-04-25,1114,1096,-18
2020-04-26,1150,1166,16
2020-04-27,1224,1228,4
2020-04-28,1289,1286,-3
2020-04-29,1350,1368,18
2020-04-30,1436,1466,30
2020-05-01,1539,1529,-10
2020-05-02,1605,1619,14
2020-05-03,1699,1666,-33
2020-05-04,1749,1711,-38
2020-05-05,1796,1815,19
2020-05-06,1905,2050,145
2020-05-07,2152,2129,-23
2020-05-08,2235,2447,212
2020-05-09,2569,2493,-76
2020-05-10,2617,2542,-75
2020-05-11,2669,2576,-93
2020-05-12,2704,2917,213
2020-05-13,3062,2917,-145
2020-05-14,3062,2997,-65
2020-05-15,3146,3597,451
2020-05-16,3776,3695,-81
2020-05-17,3879,3735,-144
2020-05-18,3921,3735,-186
2020-05-19,3921,3750,-171
2020-05-20,3937,4973,1036
2020-05-21,5221,5473,252
2020-05-22,5746,5918,172
2020-05-23,6213,6336,123
2020-05-24,6652,6470,-182
2020-05-25,6793,6559,-234
2020-05-26,6886,6785,-101
2020-05-27,7124,7048,-76
2020-05-28,7400,8234,834
2020-05-29,8645,8234,-411
2020-05-30,8645,9242,597
2020-05-31,9703,9332,-371
2020-06-01,9798,9332,-466
2020-06-02,9798,9919,121
2020-06-03,10414,10398,-16
2020-06-04,10917,11010,93
2020-06-05,11560,11583,23
2020-06-06,12161,12037,-124
2020-06-07,12779,12135,-643.992
