Data,Saida_Estimada,Saida,Erro
,0,0,0
,0,0,0
,0,0,0
,0,0,0
,0,0,0
,0,0,0
,0,0,0
,0,0,0
,0,0,0
,0,0,0
,0,0,0
,0,0,0
,0,0,0
,0,0,0
,0,1,1
,1,2,1
,2,4,2
,4,4,0
,4,6,2
,6,6,0
,6,6,0
,6,10,4
,10,19,9
,19,28,9
,29,37,8
,38,60,22
,63,72,9
,75,86,11
,90,98,8
,102,123,21
,129,168,39
,176,195,19
,204,197,-7
,207,226,19
,237,241,4
,253,274,21
,287,306,19
,321,334,13
,350,396,46
,416,410,-6
,430,418,-12
,439,481,42
,505,508,3
,533,555,22
,583,618,35
,649,636,-13
,668,640,-28
,672,653,-19
,686,664,-22
,697,700,3
,735,747,12
,784,780,-4
,819,802,-17
,842,831,-11
,873,854,-19
,897,889,-8
,934,904,-30
,949,923,-26
,969,994,25
,1044,1061,17
,1114,1096,-18
,1151,1166,15
,1225,1228,3
,1290,1286,-4
,1351,1368,17
,1437,1466,29
,1540,1529,-11
,1606,1619,13
,1701,1666,-35
,1750,1711,-39
,1797,1815,18
,1907,2050,143
,2154,2129,-25
,2237,2447,210
,2571,2493,-78
,2619,2542,-77
,2671,2576,-95
,2706,2917,211
,3065,2917,-148
,3065,2997,-68
,3149,3597,448
,3779,3695,-84
,3882,3735,-147
,3924,3735,-189
,3924,3750,-174
,3940,4973,1033
,5225,5473,248
,5751,5918,167
,6218,6336,118
,6657,6470,-187
,6798,6559,-239
,6892,6785,-107
,7129,7048,-81
,7406,8234,828
,8652,8234,-418
,8652,9242,590
,9711,9332,-379
,9806,9332,-474
,9806,9919,113
,10423,10398,-25
,10962.6,11010,47.3558
