Data,Saida_Estimada,Saida,Erro
2020-05-30,2,2,0
2020-05-31,2,1,-1
2020-06-01,1,2,1
2020-06-02,1,2,1
2020-06-03,2,9,7
2020-06-04,6,10,4
2020-06-05,10,58,48
2020-06-06,41,4,-37
2020-06-07,29,5,-24
2020-06-08,4,2,-2
2020-06-09,3,95,92
2020-06-10,60,11,-49
2020-06-11,50,8,-42
2020-06-12,10,1,-9
2020-06-13,4,1,-3
2020-06-14,1,1,0
2020-06-15,1,49,48
2020-06-16,31,5,-26
2020-06-17,25,9,-16
2020-06-18,7,1,-6
2020-06-19,4,2,-2
2020-06-20,1,17,16
2020-06-21,11,598,587
2020-06-22,384,1,-383
2020-06-23,274,12,-262
2020-06-24,8,32,24
2020-06-25,25,26,1
2020-06-26,31,4,-27
2020-06-27,14,55,41
2020-06-28,36,2,-34
2020-06-29,26,2,-24
2020-06-30,2,2,0
2020-07-01,2,10,8
2020-07-02,7,30,23
2020-07-03,23,97,74
2020-07-04,74,2,-72
2020-07-05,45,15,-30
2020-07-06,10,6,-4
2020-07-07,10,4,-6
2020-07-08,5,6,1
2020-07-09,5,2,-3
2020-07-10,4,7,3
2020-07-11,5,1,-4
2020-07-12,3,4,1
2020-07-13,2,17,15
2020-07-14,12,105,93
2020-07-15,74,4,-70
2020-07-16,50,15,-35
2020-07-17,11,1,-10
2020-07-18,7,1,-6
2020-07-19,1,8,7
2020-07-20,5,40,35
2020-07-21,28,157,129
2020-07-22,117,6,-111
2020-07-23,75,2,-73
2020-07-24,4,152,148
2020-07-25,96,1,-95
2020-07-26,70,3,-67
2020-07-27,2,12,10
2020-07-28,8,6,-2
2020-07-29,9,1,-8
2020-07-30,3,12,9
2020-07-31,8,2,-6
2020-08-01,6,7,1
2020-08-02,5,3,-2
2020-08-03,5,23,18
2020-08-04,15,1,-14
2020-08-05,11,11,+
2020-08-06,7,7,+
2020-08-07,9,48,39
2020-08-08,33,1,-32
2020-08-09,22,6,-16
2020-08-10,4,3,-1
2020-08-11,4,18,14
2020-08-12,12,4,-8
2020-08-13,10,3,-7
2020-08-14,3,12,9
2020-08-15,8,49,41
2020-08-16,36,2,-34
2020-08-17,23,5,-18
2020-08-18,4,5,1
2020-08-19,5,133,128
2020-08-20,86,2,-84
2020-08-21,62,9,-53
2020-08-22,6,1,-5
2020-08-23,4,12,8
2020-08-24,8,11,3
2020-08-25,12,11,-1
2020-08-26,11,26,15
2020-08-27,21,33,12
2020-08-28,32,141,109
2020-08-29,104,261,157
2020-08-30,229,10,-219
2020-08-31,125,5,-120
2020-09-01,7,9,2
2020-09-02,7,11,4
2020-09-03,11,7,-4
2020-09-04,9,6,-3
2020-09-05,6,25,19
2020-09-06,18,29,11
2020-09-07,29,340,311
2020-09-08,227,17,-210
2020-09-09,166,9,-157
2020-09-10,13,6,-7
2020-09-11,7,7,+
2020-09-12,7,1,-6
2020-09-13,3,1,-2
2020-09-14,1,8,7
2020-09-15,5,13,8
2020-09-16,11,1,-10
2020-09-17,6,62,56
2020-09-18,39,52,13
2020-09-19,61,22,-39
2020-09-20,37,5,-32
2020-09-21,13,8,-5
2020-09-22,7,6,-1
2020-09-23,7,18,11
2020-09-24,14,16,2
2020-09-25,18,1,-17
2020-09-26,7,17,10
2020-09-27,11,8,-3
2020-09-28,12,9,-3
2020-09-29,9,1,-8
2020-09-30,4,2,-2
2020-10-01,1,3,2
2020-10-02,2,11,9
2020-10-03,8,1,-7
2020-10-04,5,3,-2
2020-10-05,2,2,+
2020-10-06,2,12,10
2020-10-07,8,21,13
2020-10-08,18,1290,1272
2020-10-09,823,1,-822
2020-10-10,592,5,-587
2020-10-11,3,8,5
2020-10-12,7,4,-3
2020-10-13,6,188,182
2020-10-14,120,5,-115
2020-10-15,89,8,-81
2020-10-16,7,6,-1
2020-10-17,7,2,-5
2020-10-18,4,7,3
2020-10-19,5,6,1
2020-10-20,6,1,-5
2020-10-21,3,5,2
2020-10-22,3,5,2
2020-10-23,5,61,56
2020-10-24,40,3,-37
2020-10-25,29,5,-24
2020-10-26,4,9,5
2020-10-27,7,5,-2
2020-10-28,7,32,25
2020-10-29,22,2,-20
2020-10-30,15,35,20
2020-10-31,22,26,4
2020-11-01,32,16,-16
2020-11-02,22,8,-14
2020-11-03,12,1,-11
2020-11-04,4,2,-2
2020-11-05,1,13,12
2020-11-06,9,3,-6
2020-11-07,7,147,140
2020-11-08,94,1,-93
2020-11-09,68,29,-39
2020-11-10,18,3,-15
2020-11-11,15,39,24
2020-11-12,25,1,-24
2020-11-13,18,11,-7
2020-11-14,7,1,-6
2020-11-15,5,1,-4
2020-11-16,1,5,4
2020-11-17,3,731,728
2020-11-18,463,8,-455
2020-11-19,340,80,-260
2020-11-20,54,4,-50
2020-11-21,39,1,-38
2020-11-22,2,17,15
2020-11-23,11,7,-4
2020-11-24,12,5,-7
2020-11-25,6,12,6
2020-11-26,9,731,722
2020-11-27,466,1,-465
2020-11-28,335,3,-332
2020-11-29,2,23,21
2020-11-30,15,15,+
2020-12-01,20,4,-16
2020-12-02,9,9,+
2020-12-03,7,2,-5
2020-12-04,5,21,16
2020-12-05,14,4,-10
2020-12-06,12,10,-2
2020-12-07,8,6,-2
2020-12-08,8,5,-3
2020-12-09,5,3,-2
2020-12-10,4,32,28
2020-12-11,21,10,-11
2020-12-12,20,2,-18
2020-12-13,5,13,8
2020-12-14,9,1,-8
2020-12-15,6,2,-4
2020-12-16,1,18,17
2020-12-17,12,83,71
2020-12-18,60,184,124
2020-12-19,154,36,-118
2020-12-20,107,20,-87
2020-12-21,29,4,-25
2020-12-22,11,3,-8
2020-12-23,3,8,5
2020-12-24,6,62,56
2020-12-25,42,1,-41
2020-12-26,29,10,-19
2020-12-27,6,3,-3
2020-12-28,6,11,5
2020-12-29,8,10,2
2020-12-30,11,2,-9
2020-12-31,5,29,24
2021-01-01,19,10,-9
2021-01-02,19,1,-18
2021-01-03,5,13,8
2021-01-04,8,1,-7
2021-01-05,6,5,-1
2021-01-06,3,1,-2
2021-01-07,2,1,-1
2021-01-08,1,229,228
2021-01-09,144,6,-138
2021-01-10,108,11,-97
2021-01-11,9,10,1
2021-01-12,11,2,-9
2021-01-13,5,1,-4
2021-01-14,1,22,21
2021-01-15,14,22,8
2021-01-16,23,9,-14
2021-01-17,15,3,-12
2021-01-18,6,1,-5
2021-01-19,2,5,3
2021-01-20,3,1,-2
2021-01-21,2,12,10
2021-01-22,8,119,111
2021-01-23,80,2,-78
2021-01-24,55,1,-54
2021-01-25,1,2,1
2021-01-26,1,108,107
2021-01-27,69,4,-65
2021-01-28,52,5,-47
2021-01-29,4,31,27
2021-01-30,21,11,-10
2021-01-31,21,74,53
2021-02-01,51,9,-42
2021-02-02,39,127,88
2021-02-03,84,5,-79
2021-02-04,61,12,-49
2021-02-05,9,71,62
2021-02-06,50,4,-46
2021-02-07,35,37,2
2021-02-08,25,20,-5
2021-02-09,29,1,-28
2021-02-10,9,4,-5
2021-02-11,2,17,15
2021-02-12,12,1,-11
2021-02-13,8,3,-5
2021-02-14,2,12,10
2021-02-15,8,76,68
2021-02-16,53,36,-17
2021-02-17,57,35,-22
2021-02-18,38,1,-37
2021-02-19,16,12,-4
2021-02-20,8,6,-2
2021-02-21,9,2,-7
2021-02-22,4,43,39
2021-02-23,28,59,31
2021-02-24,56,7,-49
2021-02-25,31,1,-30
2021-02-26,3,2,-1
2021-02-27,1,179,178
2021-02-28,113,3,-110
2021-03-01,83,11,-72
2021-03-02,8,2,-6
2021-03-03,6,48,42
2021-03-04,31,4,-27
2021-03-05,24,4,-20
2021-03-06,4,2,-2
2021-03-07,3,11,8
2021-03-08,7,3,-4
2021-03-09,6,1,-5
2021-03-10,2,1,-1
2021-03-11,1,8,7
2021-03-12,5,2,-3
2021-03-13,4,1,-3
2021-03-14,1,2,1
2021-03-15,1,4,3
2021-03-16,3,4,1
2021-03-17,4,6,2
2021-03-18,5,6,1
2021-03-19,6,6,+
2021-03-20,6,10,4
2021-03-21,9,19,10
2021-03-22,16,28,12
2021-03-23,26,37,11
2021-03-24,36,60,24
2021-03-25,54,72,18
2021-03-26,72,86,14
2021-03-27,87,98,11
2021-03-28,101,123,22
2021-03-29,122,168,46
2021-03-30,162,195,33
2021-03-31,199,197,-2
2021-04-01,213,226,13
2021-04-02,232,241,9
2021-04-03,255,274,19
2021-04-04,283,306,23
2021-04-05,318,334,16
2021-04-06,350,396,46
2021-04-07,402,410,8
2021-04-08,440,418,-22
2021-04-09,451,481,30
2021-04-10,494,508,14
2021-04-11,540,555,15
2021-04-12,582,618,36
2021-04-13,644,636,-8
2021-04-14,684,640,-44
2021-04-15,695,653,-42
2021-04-16,705,664,-41
2021-04-17,718,700,-18
2021-04-18,745,747,2
2021-04-19,792,780,-12
2021-04-20,834,802,-32
2021-04-21,863,831,-32
2021-04-22,891,854,-37
2021-04-23,919,889,-30
2021-04-24,952,904,-48
2021-04-25,977,923,-54
2021-04-26,996,994,-2
2021-04-27,1050,1061,11
2021-04-28,1124,1096,-28
2021-04-29,1177,1166,-11
2021-04-30,1237,1228,-9
2021-05-01,1309,1286,-23
2021-05-02,1374,1368,-6
2021-05-03,1452,1466,14
2021-05-04,1551,1529,-22
2021-05-05,1636,1619,-17
2021-05-06,1722,1666,-56
2021-05-07,1792,1711,-81
2021-05-08,1842,1815,-27
2021-05-09,1929,2050,121
2021-05-10,2124,2129,5
2021-05-11,2282,2447,165
2021-05-12,2519,2493,-26
2021-05-13,2694,2542,-152
2021-05-14,2746,2576,-170
2021-05-15,2790,2917,127
2021-05-16,3020,2917,-103
2021-05-17,3176,2997,-179
2021-05-18,3227,3597,370
2021-05-19,3642,3695,53
2021-05-20,3979,3735,-244
2021-05-21,4049,3735,-314
2021-05-22,4067,3750,-317
2021-05-23,4077,4973,896
2021-05-24,4855,5473,618
2021-05-25,5731,5918,187
2021-05-26,6241,6336,95
2021-05-27,6709,6470,-239
2021-05-28,6985,6559,-426
2021-05-29,7102,6785,-317
2021-05-30,7286,7048,-238
2021-05-31,7555,8234,679
2021-06-01,8424,8234,-190
2021-06-02,8967,9242,275
2021-06-03,9428.65,9332,-96.6481
