Data,Saida_Estimada,Saida,Erro
2020-03-10,1,1,0
2020-03-11,1,2,1
2020-03-12,2,4,2
2020-03-13,4,4,0
2020-03-14,4,6,2
2020-03-15,6,6,0
2020-03-16,6,6,0
2020-03-17,6,10,4
2020-03-18,10,19,9
2020-03-19,19,28,9
2020-03-20,29,37,8
2020-03-21,38,60,22
2020-03-22,63,72,9
2020-03-23,75,86,11
2020-03-24,90,98,8
2020-03-25,103,123,20
2020-03-26,129,168,39
2020-03-27,176,195,19
2020-03-28,204,197,-7
2020-03-29,207,226,19
2020-03-30,237,241,4
2020-03-31,253,274,21
2020-04-01,288,306,18
2020-04-02,321,334,13
2020-04-03,351,396,45
2020-04-04,416,410,-6
2020-04-05,431,418,-13
2020-04-06,439,481,42
2020-04-07,505,508,3
2020-04-08,534,555,21
2020-04-09,583,618,35
2020-04-10,649,636,-13
2020-04-11,668,640,-28
2020-04-12,672,653,-19
2020-04-13,686,664,-22
2020-04-14,698,700,2
2020-04-15,735,747,12
2020-04-16,785,780,-5
2020-04-17,819,802,-17
2020-04-18,843,831,-12
2020-04-19,873,854,-19
2020-04-20,897,889,-8
2020-04-21,934,904,-30
2020-04-22,950,923,-27
2020-04-23,970,994,24
2020-04-24,1044,1061,17
2020-04-25,1115,1096,-19
2020-04-26,1152,1166,14
2020-04-27,1225,1228,3
2020-04-28,1290,1286,-4
2020-04-29,1351,1368,17
2020-04-30,1438,1466,28
2020-05-01,1541,1529,-12
2020-05-02,1607,1619,12
2020-05-03,1701,1666,-35
2020-05-04,1751,1711,-40
2020-05-05,1798,1815,17
2020-05-06,1907,2050,143
2020-05-07,2155,2129,-26
2020-05-08,2238,2447,209
2020-05-09,2572,2493,-79
2020-05-10,2620,2542,-78
2020-05-11,2672,2576,-96
2020-05-12,2707,2917,210
2020-05-13,3066,2917,-149
2020-05-14,3066,2997,-69
2020-05-15,3150,3597,447
2020-05-16,3781,3695,-86
2020-05-17,3884,3735,-149
2020-05-18,3926,3735,-191
2020-05-19,3926,3750,-176
2020-05-20,3942,4973,1031
2020-05-21,5227,5473,246
2020-05-22,5753,5918,165
2020-05-23,6221,6336,115
2020-05-24,6660,6470,-190
2020-05-25,6801,6559,-242
2020-05-26,6894,6785,-109
2020-05-27,7132,7048,-84
2020-05-28,7409,8234,825
2020-05-29,8655,8234,-421
2020-05-30,8655,9242,587
2020-05-31,9715,9332,-383
2020-06-01,9810,9332,-478
2020-06-02,9810,9919,109
2020-06-03,10318.9,10398,79.1114
