Data,Saida_Estimada,Saida,Erro
2020-03-27,0,0
2020-03-28,1,0
2020-03-29,1,0
2020-03-30,1,0
2020-03-31,1,0
2020-04-01,1,0
2020-04-02,1,0
2020-04-03,1,0
2020-04-04,1,0
2020-04-05,1,0
2020-04-06,1,0
2020-04-07,1,4
2020-04-08,5,2
2020-04-09,7,1
2020-04-10,8,0
2020-04-11,8,2
2020-04-12,10,1
2020-04-13,11,0
2020-04-14,11,6
2020-04-15,17,0
2020-04-16,17,1
2020-04-17,18,5
2020-04-18,23,0
2020-04-19,23,1
2020-04-20,24,2
2020-04-21,26,0
2020-04-22,26,0
2020-04-23,26,1
2020-04-24,27,3
2020-04-25,30,1
2020-04-26,31,1
2020-04-27,32,0
2020-04-28,32,0
2020-04-29,32,0
2020-04-30,32,1
2020-05-01,33,0
2020-05-02,33,0
2020-05-03,33,0
2020-05-04,33,0
2020-05-05,33,0
2020-05-06,33,5
2020-05-07,39,-1
2020-05-08,38,-1
2020-05-09,37,1
2020-05-10,38,+
2020-05-11,38,+
2020-05-12,38,+
2020-05-13,38,1
2020-05-14,39,2
2020-05-15,41,+
2020-05-16,41,+
2020-05-17,41,+
2020-05-18,41,+
2020-05-19,41,2
2020-05-20,44,1
2020-05-21,46,2
2020-05-22,49,3
2020-05-23,53,-2
2020-05-24,51,+
2020-05-25,51,1
2020-05-26,53,1
2020-05-27,55,+
2020-05-28,56,5
2020-05-29,62,38
2020-05-30,106,-2
2020-05-31,106,-1
2020-06-01,107,+
2020-06-02,109,14
2020-06-03,127,-7
2020-06-04,121,2
2020-06-05,125,2
2020-06-06,129,-8
2020-06-07,122,-1
2020-06-08,123,+
2020-06-09,125,8
2020-06-10,136,2
2020-06-11,141,-3
2020-06-12,140,-3
2020-06-13,139,-1
2020-06-14,140,-2
2020-06-15,140,-140
2020-06-16,142,+
2020-06-17,145,+
2020-06-18,148,+
2020-06-19,151,+
2020-06-20,154,+
2020-06-21,158,+
2020-06-22,161,+
2020-06-23,164,+
2020-06-24,168,+
2020-06-25,171,+
2020-06-26,175,+
2020-06-27,178,+
2020-06-28,182,+
2020-06-29,186,+
2020-06-30,190,+
