Data,Saida_Estimada,Saida,Erro
2020-04-05,1,1,0
2020-04-06,1,1,0
2020-04-07,1,1,0
2020-04-08,1,1,0
2020-04-09,1,1,0
2020-04-10,0,1,1
2020-04-11,1,1,0
2020-04-12,0,1,1
2020-04-13,1,2,1
2020-04-14,2,2,0
2020-04-15,2,2,0
2020-04-16,2,2,0
2020-04-17,2,2,0
2020-04-18,2,2,0
2020-04-19,2,2,0
2020-04-20,2,3,1
2020-04-21,3,3,0
2020-04-22,2,3,1
2020-04-23,3,3,0
2020-04-24,2,3,1
2020-04-25,3,3,0
2020-04-26,3,3,0
2020-04-27,3,6,3
2020-04-28,5,7,2
2020-04-29,6,7,1
2020-04-30,6,7,1
2020-05-01,6,7,1
2020-05-02,6,8,2
2020-05-03,8,7,-1
2020-05-04,7,10,3
2020-05-05,10,10,0
2020-05-06,10,10,0
2020-05-07,10,10,0
2020-05-08,10,10,0
2020-05-09,10,10,0
2020-05-10,10,10,0
2020-05-11,10,10,0
2020-05-12,10,10,0
2020-05-13,10,11,1
2020-05-14,11,11,0
2020-05-15,11,16,5
2020-05-16,16,13,-3
2020-05-17,13,13,+
2020-05-18,13,13,+
2020-05-19,13,14,1
2020-05-20,14,13,-1
2020-05-21,13,17,4
2020-05-22,17,20,3
2020-05-23,20,20,+
2020-05-24,20,20,+
2020-05-25,20,20,+
2020-05-26,20,17,-3
2020-05-27,17,17,+
2020-05-28,17,17,+
2020-05-29,17,18,1
2020-05-30,18,19,1
2020-05-31,19,20,1
2020-06-01,20,23,3
2020-06-02,23,24,1
2020-06-03,24,25,1
2020-06-04,25,28,3
2020-06-05,21,+,+
2020-06-06,18,+,+
2020-06-07,14,+,+
2020-06-08,11,+,+
2020-06-09,7,+,+
2020-06-10,4,+,+
2020-06-11,1,+,+
2020-06-12,-2,+,+
2020-06-13,-5,+,+
2020-06-14,-8,+,+
2020-06-15,-11,+,+
2020-06-16,-14,+,+
2020-06-17,-18,+,+
2020-06-18,-21,+,+
2020-06-19,-24,+,+
