Data,Saida_Estimada,Saida,Erro
2020-04-21,1,1,0
2020-04-22,1,1,0
2020-04-23,2,1,1
2020-04-24,2,1,1
2020-04-25,3,2,1
2020-04-26,3,2,1
2020-04-27,5,3,2
2020-04-28,6,4,2
2020-04-29,6,6,0
2020-04-30,7,6,1
2020-05-01,7,7,0
2020-05-02,7,7,0
2020-05-03,7,7,0
2020-05-04,7,7,0
2020-05-05,7,7,0
2020-05-06,8,7,1
2020-05-07,8,8,0
2020-05-08,8,8,0
2020-05-09,8,8,0
2020-05-10,8,8,0
2020-05-11,8,8,0
2020-05-12,9,8,1
2020-05-13,10,9,1
2020-05-14,11,10,1
2020-05-15,11,11,0
2020-05-16,10,11,-1
2020-05-17,12,10,2
2020-05-18,13,12,1
2020-05-19,14,13,1
2020-05-20,15,14,1
2020-05-21,16,15,1
2020-05-22,16,16,0
2020-05-23,16,16,0
2020-05-24,23,16,7
2020-05-25,23,22,1
2020-05-26,23,23,0
2020-05-27,23,23,0
2020-05-28,28,23,5
2020-05-29,34,27,7
2020-05-30,34,34,0
2020-05-31,38,35,3
2020-06-01,38,38,+
2020-06-02,47,39,8
2020-06-03,52,46,6
2020-06-04,59,52,7
2020-06-05,67,59,8
2020-06-06,67,67,+
2020-06-07,75,69,6
2020-06-08,+,-3944,+
2020-06-09,+,-1.32697e+07,+
2020-06-10,+,-2.14748e+09,+
2020-06-11,+,-2.14748e+09,+
2020-06-12,+,-2.14748e+09,+
2020-06-13,+,-2.14748e+09,+
2020-06-14,+,-2.14748e+09,+
2020-06-15,+,-2.14748e+09,+
2020-06-16,+,-2.14748e+09,+
2020-06-17,+,-2.14748e+09,+
2020-06-18,+,-2.14748e+09,+
2020-06-19,+,-2.14748e+09,+
2020-06-20,+,-2.14748e+09,+
2020-06-21,+,-2.14748e+09,+
2020-06-22,+,-2.14748e+09,+
