Data,Saida_Estimada,Saida,Erro
2020-03-27,0,0,0
2020-03-28,0,0,0
2020-03-29,0,0,0
2020-03-30,0,0,0
2020-03-31,0,0,0
2020-04-01,0,0,0
2020-04-02,0,0,0
2020-04-03,0,0,0
2020-04-04,0,0,0
2020-04-05,1,1,0
2020-04-06,1,1,0
2020-04-07,1,1,0
2020-04-08,1,1,0
2020-04-09,1,1,0
2020-04-10,1,1,0
2020-04-11,1,1,0
2020-04-12,1,1,0
2020-04-13,1,2,1
2020-04-14,2,2,0
2020-04-15,2,2,0
2020-04-16,2,2,0
2020-04-17,2,2,0
2020-04-18,2,2,0
2020-04-19,2,2,0
2020-04-20,2,3,1
2020-04-21,3,3,0
2020-04-22,3,3,0
2020-04-23,3,3,0
2020-04-24,3,3,0
2020-04-25,3,3,0
2020-04-26,3,3,0
2020-04-27,3,6,3
2020-04-28,6,7,1
2020-04-29,7,7,0
2020-04-30,7,7,0
2020-05-01,7,7,0
2020-05-02,7,8,1
2020-05-03,8,7,-1
2020-05-04,6,10,4
2020-05-05,10,10,0
2020-05-06,10,10,0
2020-05-07,10,10,+
2020-05-08,10,10,+
2020-05-09,10,10,+
2020-05-10,10,10,+
2020-05-11,10,10,+
2020-05-12,10,10,+
2020-05-13,10,11,1
2020-05-14,11,11,+
2020-05-15,11,16,5
2020-05-16,16,13,-3
2020-05-17,12,13,1
2020-05-18,13,13,+
2020-05-19,13,14,1
2020-05-20,14,13,-1
2020-05-21,12,17,5
2020-05-22,17,20,3
2020-05-23,20,20,+
2020-05-24,20,20,+
2020-05-25,20,20,+
2020-05-26,20,17,-3
2020-05-27,16,17,1
2020-05-28,17,17,+
2020-05-29,17,18,1
2020-05-30,18,19,1
2020-05-31,19,20,1
2020-06-01,20,23,3
2020-06-02,23,24,1
2020-06-03,24,25,1
2020-06-04,25,28,3
2020-06-05,28,36,8
2020-06-06,37,38,1
2020-06-07,38,36,-2
2020-06-08,35,36,1
2020-06-09,36,41,5
2020-06-10,41,44,3
2020-06-11,44,48,4
2020-06-12,48,45,-3
2020-06-13,44,46,2
2020-06-14,46,47,1
2020-06-15,47,49,2
2020-06-16,49,52,3
2020-06-17,52,52,+
2020-06-18,52,52,+
2020-06-19,52,51,-1
2020-06-20,51,53,2
2020-06-21,53,53,+
2020-06-22,53,53,+
2020-06-23,53,54,1
2020-06-24,54,55,1
2020-06-25,55,58,3
2020-06-26,58,68,10
2020-06-27,69,87,18
2020-06-28,89,91,2
2020-06-29,91,99,8
2020-06-30,100,113,13
2020-07-01,100.649,156,55.3506
2020-07-02,101.261,158,56.7391
2020-07-03,101.871,164,62.1288
2020-07-04,102.485,198,95.5154
2020-07-05,103.102,212,108.898
2020-07-06,103.722,221,117.278
2020-07-07,104.347,232,127.653
2020-07-08,104.975,263,158.025
2020-07-09,105.607,279,173.393
2020-07-10,106.243,291,184.757
2020-07-11,106.883,311,204.117
2020-07-12,107.526,314,206.474
2020-07-13,108.174,315,206.826
2020-07-14,108.825,326,217.175
2020-07-15,109.48,351,241.52
2020-07-16,110.139,9.57005e-321,-110.139
