Data,Saida_Estimada,Saida,Erro
2020-04-02,0,0,0
2020-04-03,0,0,0
2020-04-04,0,0,0
2020-04-05,0,0,0
2020-04-06,0,0,0
2020-04-07,0,0,0
2020-04-08,0,0,0
2020-04-09,0,0,0
2020-04-10,0,0,0
2020-04-11,0,0,0
2020-04-12,0,0,0
2020-04-13,0,0,0
2020-04-14,0,0,0
2020-04-15,0,0,0
2020-04-16,0,0,0
2020-04-17,0,0,0
2020-04-18,0,0,0
2020-04-19,0,0,0
2020-04-20,0,0,0
2020-04-21,0,0,0
2020-04-22,0,0,0
2020-04-23,0,0,0
2020-04-24,0,1,1
2020-04-25,1,2,1
2020-04-26,2,4,2
2020-04-27,4,3,-1
2020-04-28,3,3,0
2020-04-29,3,4,1
2020-04-30,4,5,1
2020-05-01,5,7,2
2020-05-02,7,9,2
2020-05-03,9,9,0
2020-05-04,9,11,2
2020-05-05,11,11,0
2020-05-06,11,12,1
2020-05-07,12,13,1
2020-05-08,13,16,3
2020-05-09,16,24,8
2020-05-10,24,29,5
2020-05-11,29,35,6
2020-05-12,35,37,2
2020-05-13,37,40,3
2020-05-14,40,40,+
2020-05-15,40,45,5
2020-05-16,45,52,7
2020-05-17,52,52,+
2020-05-18,52,56,4
2020-05-19,56,62,6
2020-05-20,62,64,2
2020-05-21,64,74,10
2020-05-22,74,76,2
2020-05-23,78.4027,79,0.597258
2020-05-24,82.8373,79,-3.83735
2020-05-25,87.304,91,3.69595
2020-05-26,91.8031,93,1.19693
2020-05-27,96.3347,97,0.665346
2020-05-28,100.899,97,-3.89903
2020-05-29,105.496,102,-3.49645
2020-05-30,110.127,105,-5.12713
2020-05-31,114.791,106,-8.79133
2020-06-01,119.489,108,-11.4893
2020-06-02,124.221,112,-12.2212
2020-06-03,128.987,113,-15.9874
2020-06-04,133.788,124,-9.78811
2020-06-05,138.624,127,-11.6235
2020-06-06,143.494,130,-13.494
2020-06-07,148.4,130,-18.3996
