Data,Saida_Estimada,Saida,Erro
2020-03-27,0,0,0
2020-03-28,0,0,0
2020-03-29,0,0,0
2020-03-30,0,0,0
2020-03-31,0,0,0
2020-04-01,0,0,0
2020-04-02,0,0,0
2020-04-03,0,0,0
2020-04-04,0,0,0
2020-04-05,0,0,0
2020-04-06,0,0,0
2020-04-07,0,0,0
2020-04-08,0,0,0
2020-04-09,0,0,0
2020-04-10,0,0,0
2020-04-11,0,0,0
2020-04-12,0,0,0
2020-04-13,0,0,0
2020-04-14,0,1,1
2020-04-15,1,1,0
2020-04-16,1,1,0
2020-04-17,1,1,0
2020-04-18,1,1,0
2020-04-19,1,1,0
2020-04-20,1,1,0
2020-04-21,1,1,0
2020-04-22,1,1,0
2020-04-23,1,1,0
2020-04-24,1,1,0
2020-04-25,1,1,0
2020-04-26,1,1,0
2020-04-27,1,1,0
2020-04-28,1,1,0
2020-04-29,1,2,1
2020-04-30,2,2,0
2020-05-01,2,3,1
2020-05-02,3,4,1
2020-05-03,4,5,1
2020-05-04,5,6,1
2020-05-05,6,7,1
2020-05-06,7,7,0
2020-05-07,7,7,+
2020-05-08,7,7,+
2020-05-09,7,7,+
2020-05-10,7,7,+
2020-05-11,7,7,+
2020-05-12,7,8,1
2020-05-13,8,9,1
2020-05-14,9,9,+
2020-05-15,9,9,+
2020-05-16,9,9,+
2020-05-17,9,9,+
2020-05-18,9,9,+
2020-05-19,9,9,+
2020-05-20,9,10,1
2020-05-21,10,11,1
2020-05-22,11,14,3
2020-05-23,14,14,+
2020-05-24,14,14,+
2020-05-25,14,13,-1
2020-05-26,13,13,+
2020-05-27,13,13,+
2020-05-28,13,15,2
2020-05-29,15,18,3
2020-05-30,18,18,+
2020-05-31,18,18,+
2020-06-01,18,19,1
2020-06-02,19,19,+
2020-06-03,19,22,3
2020-06-04,22,22,+
2020-06-05,22,25,3
2020-06-06,25,25,+
2020-06-07,25,27,2
2020-06-08,27,27,+
2020-06-09,27,27,+
2020-06-10,27,32,5
2020-06-11,32,34,2
2020-06-12,34,36,2
2020-06-13,36,36,+
2020-06-14,36,36,+
2020-06-15,36,36,+
2020-06-16,36,41,5
2020-06-17,41,42,1
2020-06-18,42,42,+
2020-06-19,42,46,4
2020-06-20,46,45,-1
2020-06-21,45,46,1
2020-06-22,46,47,1
2020-06-23,47,47,+
2020-06-24,47,49,2
2020-06-25,49,49,+
2020-06-26,49,49,+
2020-06-27,49,51,2
2020-06-28,51,51,+
2020-06-29,51,51,+
2020-06-30,51,53,2
2020-07-01,53,53,+
2020-07-02,53,56,3
2020-07-03,56,58,2
2020-07-04,58,59,1
2020-07-05,59,61,2
2020-07-06,62,62,+
2020-07-07,62,62,+
2020-07-08,62,63,1
2020-07-09,62.9591,63,0.0408994
2020-07-10,63.9642,63,-0.964194
2020-07-11,64.9863,63,-1.98633
2020-07-12,66.0248,63,-3.02483
2020-07-13,67.0799,63,-4.07993
2020-07-14,68.1519,64,-4.15189
2020-07-15,69.241,64,-5.24098
2020-07-16,70.3475,66,-4.34747
2020-07-17,71.4716,67,-4.47164
2020-07-18,72.6138,67,-5.61378
2020-07-19,73.7742,67,-6.77417
2020-07-20,74.9531,67,-7.95311
2020-07-21,76.1509,68,-8.15088
2020-07-22,77.3678,68,-9.3678
2020-07-23,78.6042,68,-10.6042
2020-07-24,79.8603,5.58294e-322,-79.8603
