Data,Saida_Estimada,Saida,Erro
2020-03-27,0,0
2020-03-28,0,0
2020-03-29,0,0
2020-03-30,0,0
2020-03-31,0,0
2020-04-01,0,0
2020-04-02,0,0
2020-04-03,0,0
2020-04-04,0,0
2020-04-05,0,0
2020-04-06,0,0
2020-04-07,0,0
2020-04-08,0,0
2020-04-09,0,0
2020-04-10,0,1
2020-04-11,1,0
2020-04-12,1,0
2020-04-13,1,0
2020-04-14,1,0
2020-04-15,1,0
2020-04-16,1,0
2020-04-17,1,0
2020-04-18,1,1
2020-04-19,2,0
2020-04-20,2,1
2020-04-21,3,0
2020-04-22,3,0
2020-04-23,3,0
2020-04-24,3,4
2020-04-25,7,0
2020-04-26,7,1
2020-04-27,8,1
2020-04-28,9,0
2020-04-29,9,1
2020-04-30,10,0
2020-05-01,10,5
2020-05-02,15,1
2020-05-03,16,1
2020-05-04,17,1
2020-05-05,18,1
2020-05-06,19,0
2020-05-07,19,2
2020-05-08,21,1
2020-05-09,22,2
2020-05-10,24,1
2020-05-11,25,3
2020-05-12,28,2
2020-05-13,31,1
2020-05-14,33,2
2020-05-15,36,1
2020-05-16,38,+
2020-05-17,39,+
2020-05-18,40,+
2020-05-19,41,4
2020-05-20,46,1
2020-05-21,48,2
2020-05-22,51,6
2020-05-23,58,1
2020-05-24,61,2
2020-05-25,65,1
2020-05-26,68,3
2020-05-27,73,4
2020-05-28,79,2
2020-05-29,83,8
2020-05-30,94,-2
2020-05-31,95,-1
2020-06-01,97,6
2020-06-02,106,2
2020-06-03,111,2
2020-06-04,116,1
2020-06-05,121,5
2020-06-06,130,-2
2020-06-07,132,-2
2020-06-08,134,-2
2020-06-09,136,10
2020-06-10,151,-3
2020-06-11,153,1
2020-06-12,159,-1
2020-06-13,163,+
2020-06-14,168,-2
2020-06-15,171,-3
2020-06-16,173,1
2020-06-17,180,2
2020-06-18,188,-3
2020-06-19,191,2
2020-06-20,199,-2
2020-06-21,203,5
2020-06-22,215,-4
2020-06-23,218,9
2020-06-24,234,8
2020-06-25,250,2
2020-06-26,260,2
2020-06-27,271,4
2020-06-28,284,-2
2020-06-29,291,-6
2020-06-30,294,-2
2020-07-01,302,9
2020-07-02,321,2
2020-07-03,334,18
2020-07-04,364,+
2020-07-05,376,-5
2020-07-06,383,-8
2020-07-07,388,-3
2020-07-08,398,7
2020-07-09,419,5
2020-07-10,438,6
2020-07-11,459,-9
2020-07-12,465,-465
2020-07-13,480,+
2020-07-14,495,+
2020-07-15,512,+
2020-07-16,529,+
2020-07-17,546,+
2020-07-18,564,+
2020-07-19,583,+
2020-07-20,602,+
2020-07-21,622,+
2020-07-22,643,+
2020-07-23,664,+
2020-07-24,687,+
2020-07-25,710,+
2020-07-26,733,+
2020-07-27,758,+
