Data,Saida_Estimada,Saida,Erro
2020-04-09,2,2,0
2020-04-10,2,3,1
2020-04-11,3,4,1
2020-04-12,4,4,0
2020-04-13,4,4,0
2020-04-14,4,4,0
2020-04-15,4,6,2
2020-04-16,6,6,0
2020-04-17,6,9,3
2020-04-18,9,9,0
2020-04-19,9,12,3
2020-04-20,12,12,0
2020-04-21,12,12,0
2020-04-22,12,15,3
2020-04-23,15,15,0
2020-04-24,15,14,-1
2020-04-25,14,15,1
2020-04-26,15,19,4
2020-04-27,19,19,0
2020-04-28,19,20,1
2020-04-29,20,20,0
2020-04-30,20,26,6
2020-05-01,26,31,5
2020-05-02,31,38,7
2020-05-03,38,38,0
2020-05-04,38,39,1
2020-05-05,39,40,1
2020-05-06,40,42,2
2020-05-07,42,51,9
2020-05-08,51,56,5
2020-05-09,56,63,7
2020-05-10,63,82,19
2020-05-11,82,93,11
2020-05-12,93,97,4
2020-05-13,97,104,7
2020-05-14,104,108,4
2020-05-15,108,110,2
2020-05-16,110,174,64
2020-05-17,174,191,17
2020-05-18,191,196,5
2020-05-19,196,234,38
2020-05-20,220.67,273,52.3302
2020-05-21,245.356,330,84.6445
2020-05-22,270.057,368,97.9427
2020-05-23,294.775,394,99.2248
2020-05-24,319.509,415,95.491
2020-05-25,344.259,422,77.741
2020-05-26,369.025,425,55.975
2020-05-27,393.807,477,83.193
2020-05-28,418.605,496,77.3948
2020-05-29,443.419,531,87.5806
2020-05-30,468.25,551,82.7502
2020-05-31,493.096,580,86.9038
2020-06-01,517.959,584,66.0412
2020-06-02,542.838,602,59.1625
2020-06-03,567.732,645,77.2676
2020-06-04,592.643,680,87.3565
