Data,Saida_Estimada,Saida,Erro
2020-03-28,0,0,0
2020-03-29,0,0,0
2020-03-30,0,1,1
2020-03-31,1,1,0
2020-04-01,1,1,0
2020-04-02,1,1,0
2020-04-03,1,1,0
2020-04-04,1,1,0
2020-04-05,1,1,0
2020-04-06,1,1,0
2020-04-07,1,2,1
2020-04-08,2,3,1
2020-04-09,3,3,0
2020-04-10,3,3,0
2020-04-11,3,3,0
2020-04-12,3,4,1
2020-04-13,4,4,0
2020-04-14,4,5,1
2020-04-15,5,5,0
2020-04-16,5,6,1
2020-04-17,6,6,0
2020-04-18,6,7,1
2020-04-19,7,7,0
2020-04-20,7,8,1
2020-04-21,8,8,0
2020-04-22,8,8,0
2020-04-23,8,8,0
2020-04-24,8,8,0
2020-04-25,8,9,1
2020-04-26,9,10,1
2020-04-27,10,10,0
2020-04-28,10,14,4
2020-04-29,14,15,1
2020-04-30,15,14,-1
2020-05-01,14,16,2
2020-05-02,16,17,1
2020-05-03,17,18,1
2020-05-04,18,19,1
2020-05-05,19,20,1
2020-05-06,20,22,2
2020-05-07,22,24,2
2020-05-08,24,29,5
2020-05-09,29,32,3
2020-05-10,32,35,3
2020-05-11,35,36,1
2020-05-12,36,38,2
2020-05-13,38,45,7
2020-05-14,45,46,1
2020-05-15,46,49,3
2020-05-16,49,50,1
2020-05-17,50,51,1
2020-05-18,51,57,6
2020-05-19,57,62,5
2020-05-20,59.7909,67,7.20911
2020-05-21,62.6211,72,9.37887
2020-05-22,65.4913,79,13.5087
2020-05-23,68.4019,83,14.5981
2020-05-24,71.3536,85,13.6464
2020-05-25,74.3468,87,12.6532
2020-05-26,77.3823,87,9.61767
2020-05-27,80.4606,88,7.53938
2020-05-28,83.5823,92,8.41769
2020-05-29,86.748,96,9.25197
2020-05-30,89.9584,100,10.0416
2020-05-31,93.214,103,9.786
2020-06-01,96.5155,109,12.4845
2020-06-02,99.8636,112,12.1364
2020-06-03,103.259,113,9.7411
2020-06-04,106.702,119,12.2979
