Data,Saida_Estimada,Saida,Erro
2020-03-27,0,0
2020-03-28,0,0
2020-03-29,0,0
2020-03-30,0,0
2020-03-31,0,0
2020-04-01,0,0
2020-04-02,0,0
2020-04-03,0,0
2020-04-04,0,0
2020-04-05,0,0
2020-04-06,0,0
2020-04-07,0,0
2020-04-08,0,0
2020-04-09,0,0
2020-04-10,0,0
2020-04-11,0,0
2020-04-12,0,0
2020-04-13,0,0
2020-04-14,0,0
2020-04-15,0,0
2020-04-16,0,1
2020-04-17,1,0
2020-04-18,1,1
2020-04-19,2,1
2020-04-20,3,0
2020-04-21,3,1
2020-04-22,4,0
2020-04-23,4,0
2020-04-24,4,0
2020-04-25,4,0
2020-04-26,4,4
2020-04-27,8,0
2020-04-28,8,7
2020-04-29,15,11
2020-04-30,26,1
2020-05-01,27,5
2020-05-02,32,1
2020-05-03,33,1
2020-05-04,34,2
2020-05-05,36,4
2020-05-06,40,1
2020-05-07,41,6
2020-05-08,47,6
2020-05-09,53,13
2020-05-10,67,8
2020-05-11,75,4
2020-05-12,79,9
2020-05-13,88,15
2020-05-14,104,6
2020-05-15,110,12
2020-05-16,123,15
2020-05-17,139,10
2020-05-18,150,3
2020-05-19,153,11
2020-05-20,165,23
2020-05-21,190,3
2020-05-22,193,21
2020-05-23,215,11
2020-05-24,227,1
2020-05-25,228,19
2020-05-26,248,10
2020-05-27,259,15
2020-05-28,275,5
2020-05-29,280,19
2020-05-30,300,13
2020-05-31,314,8
2020-06-01,322,4
2020-06-02,326,6
2020-06-03,332,26
2020-06-04,360,4
2020-06-05,364,23
2020-06-06,389,15
2020-06-07,405,38
2020-06-08,446,3
2020-06-09,449,15
2020-06-10,465,42
2020-06-11,511,42
2020-06-12,557,12
2020-06-13,570,21
2020-06-14,593,23
2020-06-15,618,4
2020-06-16,622,-622
2020-06-17,621,+
2020-06-18,621,+
2020-06-19,621,+
2020-06-20,621,+
2020-06-21,621,+
2020-06-22,621,+
2020-06-23,620,+
2020-06-24,620,+
2020-06-25,620,+
2020-06-26,620,+
2020-06-27,620,+
2020-06-28,620,+
2020-06-29,620,+
2020-06-30,620,+
2020-07-01,619,+
