Data,Saida_Estimada,Saida,Erro
2020-03-30,1,1,0
2020-03-31,1,1,0
2020-04-01,1,1,0
2020-04-02,1,1,0
2020-04-03,1,1,0
2020-04-04,1,1,0
2020-04-05,1,2,1
2020-04-06,1,2,1
2020-04-07,2,2,0
2020-04-08,2,2,0
2020-04-09,2,2,0
2020-04-10,2,2,0
2020-04-11,2,3,1
2020-04-12,3,3,0
2020-04-13,3,4,1
2020-04-14,4,5,1
2020-04-15,5,6,1
2020-04-16,6,6,0
2020-04-17,6,6,0
2020-04-18,6,8,2
2020-04-19,8,8,0
2020-04-20,8,10,2
2020-04-21,10,10,0
2020-04-22,10,12,2
2020-04-23,12,13,1
2020-04-24,13,13,0
2020-04-25,13,14,1
2020-04-26,14,14,0
2020-04-27,14,14,0
2020-04-28,14,14,0
2020-04-29,14,28,14
2020-04-30,27,30,3
2020-05-01,30,37,7
2020-05-02,37,41,4
2020-05-03,41,42,1
2020-05-04,42,42,0
2020-05-05,42,43,1
2020-05-06,43,46,3
2020-05-07,46,48,2
2020-05-08,48,51,3
2020-05-09,51,52,1
2020-05-10,52,52,+
2020-05-11,52,55,3
2020-05-12,55,58,3
2020-05-13,58,76,18
2020-05-14,76,80,4
2020-05-15,80,84,4
2020-05-16,84,90,6
2020-05-17,90,90,+
2020-05-18,90,90,+
2020-05-19,90,99,9
2020-05-20,99,101,2
2020-05-21,101,103,2
2020-05-22,103,106,3
2020-05-23,107.69,111,3.31043
2020-05-24,111.467,111,-0.466771
2020-05-25,115.289,115,-0.288821
2020-05-26,119.137,122,2.86272
2020-05-27,123.013,128,4.9873
2020-05-28,126.915,128,1.08475
2020-05-29,130.845,142,11.1549
2020-05-30,134.803,147,12.1975
2020-05-31,138.788,147,8.21234
2020-06-01,142.801,151,8.19931
2020-06-02,146.842,153,6.15818
2020-06-03,150.911,166,15.0887
2020-06-04,155.009,167,11.9908
2020-06-05,159.136,167,7.86419
2020-06-06,163.291,168,4.70867
2020-06-07,167.476,167,-0.475959
