Data,Saida_Estimada,Saida,Erro
2020-03-28,0,0,0
2020-03-29,1,0,1
2020-03-30,1,0,1
2020-03-31,1,1,0
2020-04-01,1,1,0
2020-04-02,1,1,0
2020-04-03,3,1,2
2020-04-04,3,2,1
2020-04-05,3,3,0
2020-04-06,3,3,0
2020-04-07,3,3,0
2020-04-08,5,3,2
2020-04-09,5,4,1
2020-04-10,5,5,0
2020-04-11,7,5,2
2020-04-12,7,6,1
2020-04-13,8,7,1
2020-04-14,7,8,-1
2020-04-15,7,7,0
2020-04-16,7,7,0
2020-04-17,9,7,2
2020-04-18,9,8,1
2020-04-19,9,9,0
2020-04-20,9,9,0
2020-04-21,9,9,0
2020-04-22,9,9,0
2020-04-23,9,9,0
2020-04-24,10,9,1
2020-04-25,10,10,0
2020-04-26,11,10,1
2020-04-27,11,11,0
2020-04-28,12,11,1
2020-04-29,14,12,2
2020-04-30,15,13,2
2020-05-01,15,15,0
2020-05-02,16,15,1
2020-05-03,17,16,1
2020-05-04,17,17,0
2020-05-05,19,17,2
2020-05-06,20,19,1
2020-05-07,21,20,1
2020-05-08,21,21,+
2020-05-09,24,21,3
2020-05-10,24,24,+
2020-05-11,26,24,2
2020-05-12,28,26,2
2020-05-13,33,28,5
2020-05-14,33,32,1
2020-05-15,34,33,1
2020-05-16,40,34,6
2020-05-17,40,39,1
2020-05-18,41,40,1
2020-05-19,44,41,3
2020-05-20,47,44,3
2020-05-21,51,47,4
2020-05-22,52,51,1
2020-05-23,52,53,-1
2020-05-24,53,53,+
2020-05-25,57,54,3
2020-05-26,60,57,3
2020-05-27,67,60,7
2020-05-28,67,67,+
2020-05-29,73,68,5
2020-05-30,85,73,12
2020-05-31,85,84,1
2020-06-01,88,86,2
2020-06-02,93,89,4
2020-06-03,96,94,2
2020-06-04,101,97,4
2020-06-05,104,102,2
2020-06-06,106,105,1
2020-06-07,113,108,5
2020-06-08,+,-9899,+
2020-06-09,+,-8.45758e+07,+
2020-06-10,+,-2.14748e+09,+
2020-06-11,+,-2.14748e+09,+
2020-06-12,+,-2.14748e+09,+
2020-06-13,+,-2.14748e+09,+
2020-06-14,+,-2.14748e+09,+
2020-06-15,+,-2.14748e+09,+
2020-06-16,+,-2.14748e+09,+
2020-06-17,+,-2.14748e+09,+
2020-06-18,+,-2.14748e+09,+
2020-06-19,+,-2.14748e+09,+
2020-06-20,+,-2.14748e+09,+
2020-06-21,+,-2.14748e+09,+
2020-06-22,+,-2.14748e+09,+
