Data,Saida_Estimada,Saida,Erro
2020-03-28,0,0,0
2020-03-29,0,0,0
2020-03-30,0,0,0
2020-03-31,0,0,0
2020-04-01,0,0,0
2020-04-02,0,2,2
2020-04-03,2,2,0
2020-04-04,2,2,0
2020-04-05,2,3,1
2020-04-06,3,4,1
2020-04-07,4,4,0
2020-04-08,4,4,0
2020-04-09,4,4,0
2020-04-10,4,4,0
2020-04-11,4,4,0
2020-04-12,4,4,0
2020-04-13,4,4,0
2020-04-14,4,4,0
2020-04-15,4,4,0
2020-04-16,4,4,0
2020-04-17,4,4,0
2020-04-18,4,4,0
2020-04-19,4,4,0
2020-04-20,4,4,0
2020-04-21,4,4,0
2020-04-22,4,5,1
2020-04-23,5,6,1
2020-04-24,6,6,0
2020-04-25,6,7,1
2020-04-26,7,7,0
2020-04-27,7,7,0
2020-04-28,7,8,1
2020-04-29,8,8,0
2020-04-30,8,8,0
2020-05-01,8,8,0
2020-05-02,8,8,0
2020-05-03,8,8,0
2020-05-04,8,9,1
2020-05-05,9,9,0
2020-05-06,9,11,2
2020-05-07,11,12,1
2020-05-08,12,13,1
2020-05-09,13,15,2
2020-05-10,15,15,+
2020-05-11,15,15,+
2020-05-12,15,15,+
2020-05-13,15,17,2
2020-05-14,17,20,3
2020-05-15,20,21,1
2020-05-16,21,23,2
2020-05-17,23,27,4
2020-05-18,27,28,1
2020-05-19,28,31,3
2020-05-20,31,34,3
2020-05-21,34,39,5
2020-05-22,39,44,5
2020-05-23,39.295,47,7.70501
2020-05-24,39.3899,52,12.6101
2020-05-25,39.4846,56,16.5154
2020-05-26,39.5702,65,25.4298
2020-05-27,39.6554,68,28.3446
2020-05-28,39.7402,70,30.2598
2020-05-29,39.8252,76,36.1748
2020-05-30,39.9104,79,39.0896
2020-05-31,39.9957,84,44.0043
2020-06-01,40.0812,88,47.9188
2020-06-02,40.1669,92,51.8331
2020-06-03,40.2527,97,56.7473
2020-06-04,40.3388,99,58.6612
2020-06-05,40.425,106,65.575
2020-06-06,40.5114,111,70.4886
2020-06-07,40.598,116,75.402
