Data,Saida_Estimada,Saida,Erro
2020-03-27,0,0,0
2020-03-28,0,0,0
2020-03-29,0,0,0
2020-03-30,0,0,0
2020-03-31,0,0,0
2020-04-01,0,0,0
2020-04-02,0,0,0
2020-04-03,0,0,0
2020-04-04,0,0,0
2020-04-05,0,0,0
2020-04-06,0,0,0
2020-04-07,0,0,0
2020-04-08,0,0,0
2020-04-09,0,0,0
2020-04-10,0,0,0
2020-04-11,0,0,0
2020-04-12,0,0,0
2020-04-13,0,0,0
2020-04-14,0,0,0
2020-04-15,0,0,0
2020-04-16,0,0,0
2020-04-17,0,0,0
2020-04-18,0,0,0
2020-04-19,0,0,0
2020-04-20,0,0,0
2020-04-21,0,0,0
2020-04-22,0,0,0
2020-04-23,0,0,0
2020-04-24,0,0,0
2020-04-25,0,0,0
2020-04-26,0,0,0
2020-04-27,0,0,0
2020-04-28,0,0,0
2020-04-29,0,0,0
2020-04-30,0,0,0
2020-05-01,0,0,0
2020-05-02,0,0,0
2020-05-03,0,0,0
2020-05-04,0,0,0
2020-05-05,0,0,0
2020-05-06,0,0,0
2020-05-07,+,1,1
2020-05-08,1,1,+
2020-05-09,1,1,+
2020-05-10,1,1,+
2020-05-11,1,1,+
2020-05-12,1,1,+
2020-05-13,1,2,1
2020-05-14,2,2,+
2020-05-15,2,2,+
2020-05-16,2,2,+
2020-05-17,2,2,+
2020-05-18,2,2,+
2020-05-19,2,3,1
2020-05-20,3,4,1
2020-05-21,4,5,1
2020-05-22,5,5,+
2020-05-23,5,6,1
2020-05-24,6,6,+
2020-05-25,6,5,-1
2020-05-26,4,6,2
2020-05-27,6,7,1
2020-05-28,7,7,+
2020-05-29,7,10,3
2020-05-30,10,12,2
2020-05-31,12,14,2
2020-06-01,14,16,2
2020-06-02,16,17,1
2020-06-03,17,18,1
2020-06-04,18,23,5
2020-06-05,24,24,+
2020-06-06,24,24,+
2020-06-07,24,25,1
2020-06-08,25,28,3
2020-06-09,28,29,1
2020-06-10,29,29,+
2020-06-11,29,29,+
2020-06-12,29,30,1
2020-06-13,30,31,1
2020-06-14,31,32,1
2020-06-15,32,34,2
2020-06-16,34,36,2
2020-06-17,36,37,1
2020-06-18,37,40,3
2020-06-19,41,40,-1
2020-06-20,40,41,1
2020-06-21,41,41,+
2020-06-22,41,42,1
2020-06-23,42,45,3
2020-06-24,46,45,-1
2020-06-25,45,48,3
2020-06-26,49,48,-1
2020-06-27,48,49,1
2020-06-28,49,50,1
2020-06-29,50,51,1
2020-06-30,51,51,+
2020-07-01,51,52,1
2020-07-02,52,54,2
2020-07-03,54,57,3
2020-07-04,58,59,1
2020-07-05,59,59,+
2020-07-06,59,59,+
2020-07-07,59,60,1
2020-07-08,60,63,3
2020-07-09,64,64,+
2020-07-10,64,64,+
2020-07-11,64,65,1
2020-07-12,65,65,+
2020-07-13,65,66,1
2020-07-14,66,66,+
2020-07-15,66,70,4
2020-07-16,71,71,+
2020-07-17,71,72,1
2020-07-18,72,73,1
2020-07-19,73,74,1
2020-07-20,74,75,1
2020-07-21,75,76,1
2020-07-22,76,77,1
2020-07-23,77,78,1
2020-07-24,78,80,2
2020-07-25,81,81,+
2020-07-26,81,81,+
2020-07-27,81,82,1
2020-07-28,82,82,+
2020-07-29,82,84,2
2020-07-30,85,85,+
2020-07-31,85,88,3
2020-08-01,89,88,-1
2020-08-02,88,88,+
2020-08-03,88,88,+
2020-08-04,88,91,3
2020-08-05,88.7607,92,3.23931
2020-08-06,89.7138,94,4.28615
2020-08-07,90.7223,95,4.27772
2020-08-08,91.7529,95,3.24705
2020-08-09,92.798,95,2.20205
2020-08-10,93.8555,95,1.14451
2020-08-11,94.9252,95,0.0747574
2020-08-12,96.0072,97,0.992779
2020-08-13,97.1015,98,0.89846
2020-08-14,98.2083,98,-0.208336
2020-08-15,99.3277,98,-1.32775
2020-08-16,100.46,98,-2.45992
2020-08-17,101.605,99,-2.60499
2020-08-18,102.763,99,-3.76312
2020-08-19,103.934,99,-4.93445
2020-08-20,105.119,2.86531e-315,-105.119
