Data,Saida_Estimada,Saida,Erro
2020-03-27,0,0,0
2020-03-28,0,0,0
2020-03-29,0,0,0
2020-03-30,0,0,0
2020-03-31,0,0,0
2020-04-01,0,0,0
2020-04-02,0,0,0
2020-04-03,0,0,0
2020-04-04,0,0,0
2020-04-05,0,0,0
2020-04-06,0,1,1
2020-04-07,1,1,0
2020-04-08,1,1,0
2020-04-09,1,1,0
2020-04-10,1,1,0
2020-04-11,1,1,0
2020-04-12,1,1,0
2020-04-13,1,1,0
2020-04-14,1,1,0
2020-04-15,1,1,0
2020-04-16,1,1,0
2020-04-17,1,1,0
2020-04-18,1,1,0
2020-04-19,1,1,0
2020-04-20,1,1,0
2020-04-21,1,1,0
2020-04-22,1,1,0
2020-04-23,1,1,0
2020-04-24,1,1,0
2020-04-25,1,1,0
2020-04-26,1,1,0
2020-04-27,1,1,0
2020-04-28,1,1,0
2020-04-29,1,1,0
2020-04-30,1,1,0
2020-05-01,1,2,1
2020-05-02,2,3,1
2020-05-03,3,5,2
2020-05-04,5,6,1
2020-05-05,6,6,0
2020-05-06,6,6,0
2020-05-07,6,7,1
2020-05-08,7,8,1
2020-05-09,8,9,1
2020-05-10,9,11,2
2020-05-11,11,12,1
2020-05-12,12,14,2
2020-05-13,14,14,+
2020-05-14,14,15,1
2020-05-15,15,15,+
2020-05-16,15,15,+
2020-05-17,15,15,+
2020-05-18,15,15,+
2020-05-19,15,17,2
2020-05-20,17,20,3
2020-05-21,20,22,2
2020-05-22,22,24,2
2020-05-23,24,28,4
2020-05-24,28,31,3
2020-05-25,31,37,6
2020-05-26,37,40,3
2020-05-27,40,41,1
2020-05-28,41,41,+
2020-05-29,41,51,10
2020-05-30,52,55,3
2020-05-31,55,59,4
2020-06-01,59,59,+
2020-06-02,59,67,8
2020-06-03,67,75,8
2020-06-04,75,85,10
2020-06-05,86,103,17
2020-06-06,104,114,10
2020-06-07,115,146,31
2020-06-08,149,172,23
2020-06-09,174,190,16
2020-06-10,191,203,12
2020-06-11,204,261,57
2020-06-12,266,279,13
2020-06-13,280,290,10
2020-06-14,291,298,7
2020-06-15,298,305,7
2020-06-16,305,362,57
2020-06-17,367,368,1
2020-06-18,368,379,11
2020-06-19,380,385,5
2020-06-20,385,393,8
2020-06-21,393,394,1
2020-06-22,394,399,5
2020-06-23,394.178,422,27.8216
2020-06-24,394.374,469,74.6256
2020-06-25,394.572,491,96.4277
2020-06-26,394.771,542,147.229
2020-06-27,394.969,542,147.031
2020-06-28,395.167,571,175.833
2020-06-29,395.366,586,190.634
2020-06-30,395.564,681,285.436
2020-07-01,395.763,689,293.237
2020-07-02,395.962,698,302.038
2020-07-03,396.161,734,337.839
2020-07-04,396.36,784,387.64
2020-07-05,396.559,788,391.441
2020-07-06,396.758,792,395.242
2020-07-07,396.957,802,405.043
2020-07-08,397.157,4.27367e-321,-397.157
