Data,Saida_Estimada,Saida,Erro
2020-03-12,0,0
2020-03-13,0,0
2020-03-14,0,0
2020-03-15,0,0
2020-03-16,0,0
2020-03-17,0,0
2020-03-18,0,0
2020-03-19,0,0
2020-03-20,0,0
2020-03-21,0,0
2020-03-22,0,0
2020-03-23,0,0
2020-03-24,0,0
2020-03-25,0,0
2020-03-26,0,0
2020-03-27,0,2
2020-03-28,1,1
2020-03-29,2,0
2020-03-30,2,1
2020-03-31,3,0
2020-04-01,3,0
2020-04-02,3,1
2020-04-03,4,0
2020-04-04,4,2
2020-04-05,6,3
2020-04-06,9,2
2020-04-07,11,4
2020-04-08,15,2
2020-04-09,17,5
2020-04-10,22,3
2020-04-11,25,1
2020-04-12,26,4
2020-04-13,30,1
2020-04-14,31,5
2020-04-15,36,2
2020-04-16,38,3
2020-04-17,41,1
2020-04-18,42,4
2020-04-19,46,2
2020-04-20,49,2
2020-04-21,52,-1
2020-04-22,52,5
2020-04-23,57,3
2020-04-24,61,3
2020-04-25,65,4
2020-04-26,70,2
2020-04-27,73,2
2020-04-28,76,1
2020-04-29,78,4
2020-04-30,83,+
2020-05-01,84,5
2020-05-02,90,+
2020-05-03,92,1
2020-05-04,95,-1
2020-05-05,96,3
2020-05-06,101,+
2020-05-07,103,1
2020-05-08,106,+
2020-05-09,108,-1
2020-05-10,109,+
2020-05-11,111,+
2020-05-12,113,+
2020-05-13,115,2
2020-05-14,119,+
2020-05-15,121,-1
2020-05-16,122,1
2020-05-17,125,-1
2020-05-18,126,1
2020-05-19,129,+
2020-05-20,131,6
2020-05-21,139,2
2020-05-22,144,2
2020-05-23,149,1
2020-05-24,153,+
2020-05-25,156,+
2020-05-26,159,+
2020-05-27,162,+
2020-05-28,165,4
2020-05-29,172,1
2020-05-30,176,5
2020-05-31,184,-2
2020-06-01,186,4
2020-06-02,194,5
2020-06-03,203,2
2020-06-04,209,6
2020-06-05,219,8
2020-06-06,231,1
2020-06-07,237,+
2020-06-08,241,+
2020-06-09,246,+
2020-06-10,250,+
2020-06-11,255,+
2020-06-12,260,+
2020-06-13,265,+
2020-06-14,270,+
2020-06-15,275,+
2020-06-16,280,+
2020-06-17,286,+
2020-06-18,291,+
2020-06-19,297,+
2020-06-20,303,+
2020-06-21,309,+
2020-06-22,315,+
