Data,Saida_Estimada,Saida,Erro
2020-03-27,0,0,0
2020-03-28,1,1,0
2020-03-29,1,1,0
2020-03-30,1,1,0
2020-03-31,1,1,0
2020-04-01,1,1,0
2020-04-02,1,1,0
2020-04-03,1,1,0
2020-04-04,1,1,0
2020-04-05,1,1,0
2020-04-06,1,1,0
2020-04-07,1,2,1
2020-04-08,2,3,1
2020-04-09,3,2,-1
2020-04-10,2,2,0
2020-04-11,2,2,0
2020-04-12,2,3,1
2020-04-13,3,3,0
2020-04-14,3,3,0
2020-04-15,3,3,0
2020-04-16,3,3,0
2020-04-17,3,6,3
2020-04-18,6,7,1
2020-04-19,7,8,1
2020-04-20,8,8,0
2020-04-21,8,8,0
2020-04-22,8,9,1
2020-04-23,9,10,1
2020-04-24,10,10,0
2020-04-25,10,11,1
2020-04-26,11,11,0
2020-04-27,11,12,1
2020-04-28,12,18,6
2020-04-29,18,19,1
2020-04-30,19,19,0
2020-05-01,19,19,0
2020-05-02,19,19,0
2020-05-03,19,19,0
2020-05-04,19,19,0
2020-05-05,19,19,0
2020-05-06,19,19,0
2020-05-07,19,21,2
2020-05-08,21,21,+
2020-05-09,21,22,1
2020-05-10,22,23,1
2020-05-11,23,24,1
2020-05-12,24,24,+
2020-05-13,24,24,+
2020-05-14,24,24,+
2020-05-15,24,26,2
2020-05-16,26,27,1
2020-05-17,27,28,1
2020-05-18,28,28,+
2020-05-19,28,29,1
2020-05-20,29,31,2
2020-05-21,31,37,6
2020-05-22,37,37,+
2020-05-23,37,42,5
2020-05-24,42,43,1
2020-05-25,44,43,-1
2020-05-26,44,43,-1
2020-05-27,44,45,1
2020-05-28,46,45,-1
2020-05-29,46,50,4
2020-05-30,51,51,+
2020-05-31,52.3395,51,-1.33955
2020-06-01,53.7057,51,-2.70567
2020-06-02,55.1077,51,-4.10768
2020-06-03,56.5463,56,-0.546291
2020-06-04,58.0225,56,-2.02245
2020-06-05,59.5372,59,-0.537152
2020-06-06,61.0914,59,-2.09139
2020-06-07,62.6862,60,-2.68621
2020-06-08,64.3227,61,-3.32265
2020-06-09,66.0018,61,-5.00182
2020-06-10,67.7248,61,-6.72482
2020-06-11,69.4928,62,-7.49281
2020-06-12,71.3069,65,-6.30694
2020-06-13,73.1684,65,-8.16844
2020-06-14,75.0785,65,-10.0785
2020-06-15,77.0385,+,-77.0385
