Data,Saida_Estimada,Saida,Erro
2020-03-27,0,0
2020-03-28,0,0
2020-03-29,0,0
2020-03-30,0,0
2020-03-31,0,0
2020-04-01,0,0
2020-04-02,0,0
2020-04-03,0,0
2020-04-04,0,0
2020-04-05,0,0
2020-04-06,0,0
2020-04-07,0,0
2020-04-08,0,0
2020-04-09,0,0
2020-04-10,0,0
2020-04-11,0,0
2020-04-12,0,0
2020-04-13,0,0
2020-04-14,0,0
2020-04-15,0,0
2020-04-16,0,0
2020-04-17,0,0
2020-04-18,0,0
2020-04-19,0,0
2020-04-20,0,0
2020-04-21,0,0
2020-04-22,0,0
2020-04-23,0,0
2020-04-24,0,0
2020-04-25,0,0
2020-04-26,0,0
2020-04-27,0,0
2020-04-28,0,0
2020-04-29,0,0
2020-04-30,0,0
2020-05-01,0,0
2020-05-02,0,0
2020-05-03,0,1
2020-05-04,1,0
2020-05-05,1,0
2020-05-06,1,0
2020-05-07,1,+
2020-05-08,1,+
2020-05-09,1,+
2020-05-10,1,+
2020-05-11,1,+
2020-05-12,1,+
2020-05-13,1,+
2020-05-14,1,+
2020-05-15,1,+
2020-05-16,1,+
2020-05-17,1,+
2020-05-18,1,+
2020-05-19,1,+
2020-05-20,1,+
2020-05-21,1,+
2020-05-22,1,+
2020-05-23,1,+
2020-05-24,1,+
2020-05-25,1,+
2020-05-26,1,+
2020-05-27,1,2
2020-05-28,3,+
2020-05-29,3,4
2020-05-30,7,+
2020-05-31,7,4
2020-06-01,11,1
2020-06-02,12,+
2020-06-03,12,1
2020-06-04,13,+
2020-06-05,13,+
2020-06-06,13,+
2020-06-07,13,+
2020-06-08,13,+
2020-06-09,13,+
2020-06-10,13,1
2020-06-11,14,+
2020-06-12,14,+
2020-06-13,14,+
2020-06-14,14,+
2020-06-15,14,+
2020-06-16,14,+
2020-06-17,14,1
2020-06-18,15,-1
2020-06-19,14,2
2020-06-20,16,2
2020-06-21,18,+
2020-06-22,18,+
2020-06-23,18,1
2020-06-24,19,+
2020-06-25,19,+
2020-06-26,19,3
2020-06-27,22,2
2020-06-28,24,2
2020-06-29,26,+
2020-06-30,26,3
2020-07-01,29,3
2020-07-02,32,1
2020-07-03,33,+
2020-07-04,33,5
2020-07-05,38,3
2020-07-06,41,+
2020-07-07,41,+
2020-07-08,41,2
2020-07-09,43,1
2020-07-10,44,1
2020-07-11,45,3
2020-07-12,48,+
2020-07-13,48,+
2020-07-14,48,1
2020-07-15,49,4
2020-07-16,53,+
2020-07-17,53,+
2020-07-18,53,1
2020-07-19,54,1
2020-07-20,55,+
2020-07-21,55,+
2020-07-22,55,1
2020-07-23,56,+
2020-07-24,56,2
2020-07-25,58,1
2020-07-26,59,3
2020-07-27,62,+
2020-07-28,62,1
2020-07-29,63,+
2020-07-30,63,+
2020-07-31,63,1
2020-08-01,64,3
2020-08-02,67,1
2020-08-03,68,+
2020-08-04,68,1
2020-08-05,69,3
2020-08-06,72,+
2020-08-07,72,+
2020-08-08,72,2
2020-08-09,74,+
2020-08-10,74,+
2020-08-11,74,-74
2020-08-12,74,+
2020-08-13,75,+
2020-08-14,75,+
2020-08-15,76,+
2020-08-16,76,+
2020-08-17,77,+
2020-08-18,77,+
2020-08-19,78,+
2020-08-20,78,+
2020-08-21,79,+
2020-08-22,80,+
2020-08-23,80,+
2020-08-24,81,+
2020-08-25,81,+
2020-08-26,82,+
