Data,Saida_Estimada,Saida,Erro
2020-03-27,0,0
2020-03-28,0,0
2020-03-29,0,0
2020-03-30,0,0
2020-03-31,0,0
2020-04-01,0,0
2020-04-02,0,0
2020-04-03,0,0
2020-04-04,0,0
2020-04-05,0,0
2020-04-06,0,1
2020-04-07,1,0
2020-04-08,1,0
2020-04-09,1,0
2020-04-10,1,0
2020-04-11,1,0
2020-04-12,1,0
2020-04-13,1,0
2020-04-14,1,0
2020-04-15,1,0
2020-04-16,1,0
2020-04-17,1,0
2020-04-18,1,0
2020-04-19,1,3
2020-04-20,4,2
2020-04-21,6,0
2020-04-22,6,0
2020-04-23,6,0
2020-04-24,6,0
2020-04-25,6,0
2020-04-26,6,0
2020-04-27,6,2
2020-04-28,8,0
2020-04-29,8,1
2020-04-30,9,0
2020-05-01,9,1
2020-05-02,10,0
2020-05-03,10,0
2020-05-04,10,0
2020-05-05,10,0
2020-05-06,10,0
2020-05-07,10,+
2020-05-08,10,+
2020-05-09,10,1
2020-05-10,11,+
2020-05-11,11,1
2020-05-12,12,+
2020-05-13,12,+
2020-05-14,12,2
2020-05-15,14,4
2020-05-16,18,3
2020-05-17,21,3
2020-05-18,24,1
2020-05-19,25,2
2020-05-20,27,2
2020-05-21,29,3
2020-05-22,32,6
2020-05-23,38,4
2020-05-24,42,6
2020-05-25,48,+
2020-05-26,48,6
2020-05-27,54,9
2020-05-28,64,6
2020-05-29,71,5
2020-05-30,76,5
2020-05-31,81,5
2020-06-01,86,11
2020-06-02,98,2
2020-06-03,100,4
2020-06-04,104,10
2020-06-05,115,1
2020-06-06,116,3
2020-06-07,119,8
2020-06-08,128,1
2020-06-09,129,9
2020-06-10,139,11
2020-06-11,151,5
2020-06-12,157,5
2020-06-13,163,9
2020-06-14,173,3
2020-06-15,176,7
2020-06-16,184,3
2020-06-17,188,4
2020-06-18,193,12
2020-06-19,207,6
2020-06-20,214,-12
2020-06-21,201,3
2020-06-22,204,-204
2020-06-23,204,+
2020-06-24,204,+
2020-06-25,204,+
2020-06-26,205,+
2020-06-27,205,+
2020-06-28,205,+
2020-06-29,205,+
2020-06-30,206,+
2020-07-01,206,+
2020-07-02,206,+
2020-07-03,207,+
2020-07-04,207,+
2020-07-05,207,+
2020-07-06,208,+
2020-07-07,208,+
