Data,Saida_Estimada,Saida,Erro
2020-03-27,0,0
2020-03-28,0,0
2020-03-29,0,0
2020-03-30,0,0
2020-03-31,0,0
2020-04-01,1,0
2020-04-02,0,0
2020-04-03,0,0
2020-04-04,0,0
2020-04-05,0,0
2020-04-06,0,0
2020-04-07,0,0
2020-04-08,0,0
2020-04-09,0,0
2020-04-10,0,0
2020-04-11,0,0
2020-04-12,0,0
2020-04-13,0,0
2020-04-14,0,1
2020-04-15,0,1
2020-04-16,1,0
2020-04-17,1,0
2020-04-18,1,0
2020-04-19,1,0
2020-04-20,1,0
2020-04-21,1,0
2020-04-22,1,0
2020-04-23,1,0
2020-04-24,1,0
2020-04-25,1,0
2020-04-26,1,0
2020-04-27,1,0
2020-04-28,1,0
2020-04-29,1,0
2020-04-30,1,0
2020-05-01,1,0
2020-05-02,1,0
2020-05-03,1,0
2020-05-04,1,0
2020-05-05,1,0
2020-05-06,1,0
2020-05-07,1,2
2020-05-08,2,1
2020-05-09,3,+
2020-05-10,3,2
2020-05-11,4,2
2020-05-12,6,2
2020-05-13,8,1
2020-05-14,9,1
2020-05-15,10,1
2020-05-16,11,1
2020-05-17,12,+
2020-05-18,12,+
2020-05-19,12,4
2020-05-20,16,+
2020-05-21,16,1
2020-05-22,17,+
2020-05-23,17,1
2020-05-24,18,2
2020-05-25,20,+
2020-05-26,20,+
2020-05-27,20,1
2020-05-28,21,2
2020-05-29,23,1
2020-05-30,24,3
2020-05-31,27,6
2020-06-01,33,-1
2020-06-02,32,+
2020-06-03,32,+
2020-06-04,32,4
2020-06-05,36,2
2020-06-06,38,+
2020-06-07,38,+
2020-06-08,38,+
2020-06-09,38,1
2020-06-10,39,9
2020-06-11,48,+
2020-06-12,49,2
2020-06-13,52,+
2020-06-14,53,-4
2020-06-15,50,-1
2020-06-16,50,-1
2020-06-17,50,4
2020-06-18,54,6
2020-06-19,60,6
2020-06-20,67,-2
2020-06-21,66,1
2020-06-22,68,5
2020-06-23,74,-1
2020-06-24,74,4
2020-06-25,79,2
2020-06-26,82,2
2020-06-27,85,4
2020-06-28,90,4
2020-06-29,95,3
2020-06-30,100,1
2020-07-01,103,2
2020-07-02,107,3
2020-07-03,112,9
2020-07-04,123,6
2020-07-05,131,10
2020-07-06,143,-2
2020-07-07,144,-2
2020-07-08,145,6
2020-07-09,154,-154
2020-07-10,156,+
2020-07-11,159,+
2020-07-12,162,+
2020-07-13,165,+
2020-07-14,167,+
2020-07-15,170,+
2020-07-16,174,+
2020-07-17,177,+
2020-07-18,180,+
2020-07-19,183,+
2020-07-20,187,+
2020-07-21,190,+
2020-07-22,193,+
2020-07-23,197,+
2020-07-24,201,+
