Data,Saida_Estimada,Saida,Erro
2020-03-27,0,0,0
2020-03-28,0,0,0
2020-03-29,0,0,0
2020-03-30,0,0,0
2020-03-31,0,0,0
2020-04-01,0,0,0
2020-04-02,0,0,0
2020-04-03,0,0,0
2020-04-04,0,0,0
2020-04-05,0,0,0
2020-04-06,0,0,0
2020-04-07,0,0,0
2020-04-08,0,0,0
2020-04-09,0,1,1
2020-04-10,1,2,1
2020-04-11,2,2,0
2020-04-12,2,3,1
2020-04-13,3,3,0
2020-04-14,3,3,0
2020-04-15,3,3,0
2020-04-16,3,4,1
2020-04-17,4,4,0
2020-04-18,4,5,1
2020-04-19,5,5,0
2020-04-20,5,6,1
2020-04-21,6,6,0
2020-04-22,6,6,0
2020-04-23,6,6,0
2020-04-24,6,6,0
2020-04-25,6,8,2
2020-04-26,8,10,2
2020-04-27,10,10,0
2020-04-28,10,13,3
2020-04-29,13,14,1
2020-04-30,14,17,3
2020-05-01,17,17,0
2020-05-02,17,17,0
2020-05-03,17,17,0
2020-05-04,17,17,0
2020-05-05,17,17,0
2020-05-06,17,17,0
2020-05-07,17,18,1
2020-05-08,18,19,1
2020-05-09,19,28,9
2020-05-10,29,28,-1
2020-05-11,28,29,1
2020-05-12,29,30,1
2020-05-13,30,32,2
2020-05-14,32,37,5
2020-05-15,37,43,6
2020-05-16,44,45,1
2020-05-17,45,49,4
2020-05-18,49,49,+
2020-05-19,49,50,1
2020-05-20,50,50,+
2020-05-21,50,52,2
2020-05-22,52,54,2
2020-05-23,54,61,7
2020-05-24,62,71,9
2020-05-25,72,73,1
2020-05-26,73,81,8
2020-05-27,82,86,4
2020-05-28,86,92,6
2020-05-29,93,96,3
2020-05-30,96,96,+
2020-05-31,96,118,22
2020-06-01,121,121,+
2020-06-02,121.566,119,-2.56558
2020-06-03,121.729,137,15.2712
2020-06-04,121.826,150,28.1744
2020-06-05,121.912,149,27.0885
2020-06-06,121.996,154,32.0044
2020-06-07,122.08,158,35.9205
2020-06-08,122.163,158,35.8366
2020-06-09,122.247,158,35.7527
2020-06-10,122.331,159,36.6687
2020-06-11,122.415,166,43.5846
2020-06-12,122.499,173,50.5005
2020-06-13,122.584,173,50.4164
2020-06-14,122.668,173,50.3321
2020-06-15,122.752,174,51.2479
2020-06-16,122.836,174,51.1635
2020-06-17,122.921,8.90067e-308,-122.921
