Data,Saida_Estimada,Saida,Erro
2020-03-27,0,0,0
2020-03-28,0,0,0
2020-03-29,0,0,0
2020-03-30,0,0,0
2020-03-31,0,0,0
2020-04-01,0,0,0
2020-04-02,0,0,0
2020-04-03,0,0,0
2020-04-04,0,0,0
2020-04-05,0,0,0
2020-04-06,0,1,1
2020-04-07,1,1,0
2020-04-08,1,1,0
2020-04-09,1,1,0
2020-04-10,1,1,0
2020-04-11,1,1,0
2020-04-12,1,1,0
2020-04-13,1,1,0
2020-04-14,1,1,0
2020-04-15,1,1,0
2020-04-16,1,1,0
2020-04-17,1,1,0
2020-04-18,1,1,0
2020-04-19,1,4,3
2020-04-20,4,6,2
2020-04-21,6,6,0
2020-04-22,6,6,0
2020-04-23,6,6,0
2020-04-24,6,6,0
2020-04-25,6,6,0
2020-04-26,6,6,0
2020-04-27,6,8,2
2020-04-28,8,8,0
2020-04-29,8,9,1
2020-04-30,9,9,0
2020-05-01,9,10,1
2020-05-02,10,10,0
2020-05-03,10,10,0
2020-05-04,10,10,0
2020-05-05,10,10,0
2020-05-06,10,10,0
2020-05-07,10,10,+
2020-05-08,10,10,+
2020-05-09,10,11,1
2020-05-10,11,11,+
2020-05-11,11,12,1
2020-05-12,12,12,+
2020-05-13,12,12,+
2020-05-14,12,14,2
2020-05-15,14,18,4
2020-05-16,18,21,3
2020-05-17,21,24,3
2020-05-18,24,25,1
2020-05-19,25,27,2
2020-05-20,27,29,2
2020-05-21,29,32,3
2020-05-22,32,38,6
2020-05-23,38,42,4
2020-05-24,42,48,6
2020-05-25,48,48,+
2020-05-26,48,54,6
2020-05-27,54,63,9
2020-05-28,64,70,6
2020-05-29,71,76,5
2020-05-30,76,81,5
2020-05-31,81,86,5
2020-06-01,86,97,11
2020-06-02,98,100,2
2020-06-03,100,104,4
2020-06-04,104,114,10
2020-06-05,115,116,1
2020-06-06,116,119,3
2020-06-07,116.351,127,10.6487
2020-06-08,116.745,129,12.2555
2020-06-09,117.144,138,20.8561
2020-06-10,117.545,150,32.4549
2020-06-11,117.948,156,38.0521
2020-06-12,118.352,162,43.648
2020-06-13,118.757,172,53.2426
2020-06-14,119.164,176,56.8357
2020-06-15,119.573,183,63.4274
2020-06-16,119.982,187,67.0178
2020-06-17,120.393,192,71.6067
2020-06-18,120.806,205,84.1942
2020-06-19,121.22,213,91.7803
2020-06-20,121.635,202,80.365
2020-06-21,122.052,204,81.9483
2020-06-22,122.47,5.22227e-321,-122.47
