Data,Saida_Estimada,Saida,Erro
2020-03-27,0,0
2020-03-28,0,0
2020-03-29,0,0
2020-03-30,0,0
2020-03-31,1,0
2020-04-01,1,0
2020-04-02,1,0
2020-04-03,1,0
2020-04-04,1,0
2020-04-05,1,0
2020-04-06,1,0
2020-04-07,1,0
2020-04-08,1,1
2020-04-09,2,1
2020-04-10,3,0
2020-04-11,3,0
2020-04-12,3,0
2020-04-13,3,0
2020-04-14,3,0
2020-04-15,3,0
2020-04-16,3,0
2020-04-17,3,0
2020-04-18,3,0
2020-04-19,3,0
2020-04-20,3,0
2020-04-21,3,0
2020-04-22,3,0
2020-04-23,3,1
2020-04-24,4,1
2020-04-25,5,1
2020-04-26,6,0
2020-04-27,6,0
2020-04-28,6,2
2020-04-29,8,0
2020-04-30,8,2
2020-05-01,10,1
2020-05-02,11,0
2020-05-03,11,0
2020-05-04,11,0
2020-05-05,11,0
2020-05-06,11,6
2020-05-07,17,2
2020-05-08,19,2
2020-05-09,21,5
2020-05-10,26,+
2020-05-11,26,+
2020-05-12,26,+
2020-05-13,26,6
2020-05-14,32,+
2020-05-15,32,+
2020-05-16,32,2
2020-05-17,34,2
2020-05-18,36,+
2020-05-19,36,1
2020-05-20,37,1
2020-05-21,38,+
2020-05-22,38,1
2020-05-23,39,+
2020-05-24,39,+
2020-05-25,39,6
2020-05-26,45,1
2020-05-27,46,2
2020-05-28,48,3
2020-05-29,51,18
2020-05-30,70,1
2020-05-31,71,+
2020-06-01,71,+
2020-06-02,71,16
2020-06-03,88,1
2020-06-04,89,2
2020-06-05,91,3
2020-06-06,94,4
2020-06-07,98,+
2020-06-08,98,+
2020-06-09,98,2
2020-06-10,100,8
2020-06-11,109,6
2020-06-12,115,+
2020-06-13,115,3
2020-06-14,118,3
2020-06-15,121,+
2020-06-16,121,2
2020-06-17,123,-123
2020-06-18,122,+
2020-06-19,122,+
2020-06-20,122,+
2020-06-21,122,+
2020-06-22,122,+
2020-06-23,122,+
2020-06-24,122,+
2020-06-25,122,+
2020-06-26,122,+
2020-06-27,122,+
2020-06-28,122,+
2020-06-29,122,+
2020-06-30,122,+
2020-07-01,122,+
2020-07-02,122,+
