Data,Saida_Estimada,Saida,Erro
2020-03-27,0,0
2020-03-28,0,0
2020-03-29,0,0
2020-03-30,0,0
2020-03-31,0,0
2020-04-01,0,0
2020-04-02,0,0
2020-04-03,0,0
2020-04-04,0,0
2020-04-05,0,0
2020-04-06,0,0
2020-04-07,1,0
2020-04-08,1,0
2020-04-09,1,1
2020-04-10,2,0
2020-04-11,2,0
2020-04-12,2,0
2020-04-13,2,0
2020-04-14,2,1
2020-04-15,3,1
2020-04-16,4,0
2020-04-17,4,0
2020-04-18,4,0
2020-04-19,4,0
2020-04-20,4,0
2020-04-21,4,0
2020-04-22,4,0
2020-04-23,4,3
2020-04-24,7,0
2020-04-25,7,0
2020-04-26,7,0
2020-04-27,7,0
2020-04-28,7,5
2020-04-29,12,0
2020-04-30,12,0
2020-05-01,12,1
2020-05-02,13,1
2020-05-03,14,0
2020-05-04,14,0
2020-05-05,14,4
2020-05-06,18,1
2020-05-07,19,+
2020-05-08,19,1
2020-05-09,20,2
2020-05-10,22,+
2020-05-11,22,+
2020-05-12,22,1
2020-05-13,23,1
2020-05-14,24,+
2020-05-15,24,1
2020-05-16,25,1
2020-05-17,26,1
2020-05-18,27,+
2020-05-19,27,8
2020-05-20,36,2
2020-05-21,39,+
2020-05-22,39,2
2020-05-23,42,-1
2020-05-24,41,+
2020-05-25,41,+
2020-05-26,41,+
2020-05-27,41,+
2020-05-28,41,4
2020-05-29,46,+
2020-05-30,47,2
2020-05-31,50,-1
2020-06-01,49,+
2020-06-02,49,2
2020-06-03,52,3
2020-06-04,56,4
2020-06-05,61,2
2020-06-06,64,+
2020-06-07,65,-1
2020-06-08,65,-1
2020-06-09,65,5
2020-06-10,72,4
2020-06-11,78,+
2020-06-12,79,3
2020-06-13,84,-2
2020-06-14,83,+
2020-06-15,84,1
2020-06-16,86,4
2020-06-17,92,3
2020-06-18,97,2
2020-06-19,101,1
2020-06-20,104,4
2020-06-21,110,-2
2020-06-22,110,-1
2020-06-23,111,8
2020-06-24,122,-1
2020-06-25,123,2
2020-06-26,128,-3
2020-06-27,127,+
2020-06-28,129,-2
2020-06-29,129,-2
2020-06-30,129,5
2020-07-01,137,1
2020-07-02,141,+
2020-07-03,144,2
2020-07-04,149,5
2020-07-05,158,-3
2020-07-06,158,-3
2020-07-07,158,2
2020-07-08,163,1
2020-07-09,167,-1
2020-07-10,169,-1
2020-07-11,171,-3
2020-07-12,171,-3
2020-07-13,171,+
2020-07-14,174,4
2020-07-15,182,4
2020-07-16,190,4
2020-07-17,198,2
2020-07-18,204,4
2020-07-19,213,-5
2020-07-20,212,-4
2020-07-21,212,9
2020-07-22,227,-1
2020-07-23,231,5
2020-07-24,242,2
2020-07-25,249,12
2020-07-26,268,-4
2020-07-27,269,-1
2020-07-28,273,-5
2020-07-29,273,9
2020-07-30,289,-2
2020-07-31,293,1
2020-08-01,300,1
2020-08-02,307,-6
2020-08-03,306,-4
2020-08-04,308,9
2020-08-05,325,4
2020-08-06,337,-1
2020-08-07,343,+
2020-08-08,350,-4
2020-08-09,353,-7
2020-08-10,352,-6
2020-08-11,352,-352
2020-08-12,359,+
2020-08-13,367,+
2020-08-14,376,+
2020-08-15,384,+
2020-08-16,393,+
2020-08-17,402,+
2020-08-18,411,+
2020-08-19,420,+
2020-08-20,430,+
2020-08-21,440,+
2020-08-22,450,+
2020-08-23,460,+
2020-08-24,470,+
2020-08-25,481,+
2020-08-26,492,+
