Data,Saida_Estimada,Saida,Erro
2020-03-27,0,0
2020-03-28,1,0
2020-03-29,1,0
2020-03-30,1,0
2020-03-31,1,0
2020-04-01,1,0
2020-04-02,1,0
2020-04-03,2,0
2020-04-04,2,0
2020-04-05,2,0
2020-04-06,2,0
2020-04-07,2,0
2020-04-08,2,0
2020-04-09,2,0
2020-04-10,2,0
2020-04-11,2,0
2020-04-12,2,0
2020-04-13,2,0
2020-04-14,2,0
2020-04-15,2,1
2020-04-16,2,4
2020-04-17,5,2
2020-04-18,7,2
2020-04-19,8,2
2020-04-20,10,0
2020-04-21,10,3
2020-04-22,12,2
2020-04-23,14,0
2020-04-24,14,2
2020-04-25,16,4
2020-04-26,19,1
2020-04-27,20,0
2020-04-28,20,5
2020-04-29,24,3
2020-04-30,27,2
2020-05-01,29,0
2020-05-02,29,0
2020-05-03,29,0
2020-05-04,29,0
2020-05-05,29,1
2020-05-06,30,1
2020-05-07,31,+
2020-05-08,31,2
2020-05-09,33,4
2020-05-10,37,1
2020-05-11,38,+
2020-05-12,38,3
2020-05-13,41,5
2020-05-14,46,2
2020-05-15,48,2
2020-05-16,50,+
2020-05-17,50,2
2020-05-18,52,+
2020-05-19,52,2
2020-05-20,54,3
2020-05-21,57,4
2020-05-22,61,5
2020-05-23,66,3
2020-05-24,69,+
2020-05-25,69,+
2020-05-26,69,1
2020-05-27,70,11
2020-05-28,81,2
2020-05-29,83,4
2020-05-30,87,4
2020-05-31,91,1
2020-06-01,93,-2
2020-06-02,92,10
2020-06-03,102,5
2020-06-04,108,5
2020-06-05,114,3
2020-06-06,118,+
2020-06-07,119,+
2020-06-08,120,+
2020-06-09,121,6
2020-06-10,128,12
2020-06-11,140,3
2020-06-12,144,1
2020-06-13,146,-1
2020-06-14,146,+
2020-06-15,147,+
2020-06-16,148,1
2020-06-17,150,19
2020-06-18,169,3
2020-06-19,174,9
2020-06-20,184,3
2020-06-21,189,-1
2020-06-22,190,-2
2020-06-23,190,9
2020-06-24,200,7
2020-06-25,209,9
2020-06-26,220,7
2020-06-27,229,6
2020-06-28,237,-2
2020-06-29,238,-2
2020-06-30,239,8
2020-07-01,249,2
2020-07-02,254,8
2020-07-03,264,3
2020-07-04,270,3
2020-07-05,276,-3
2020-07-06,276,-3
2020-07-07,276,19
2020-07-08,297,-297
2020-07-09,298,+
2020-07-10,299,+
2020-07-11,301,+
2020-07-12,302,+
2020-07-13,304,+
2020-07-14,305,+
2020-07-15,306,+
2020-07-16,308,+
2020-07-17,309,+
2020-07-18,311,+
2020-07-19,312,+
2020-07-20,314,+
2020-07-21,316,+
2020-07-22,317,+
2020-07-23,319,+
