Data,Saida_Estimada,Saida,Erro
2020-03-27,0,0
2020-03-28,0,0
2020-03-29,0,0
2020-03-30,0,0
2020-03-31,0,0
2020-04-01,0,0
2020-04-02,0,0
2020-04-03,0,0
2020-04-04,0,0
2020-04-05,0,0
2020-04-06,0,2
2020-04-07,1,1
2020-04-08,2,0
2020-04-09,2,1
2020-04-10,3,1
2020-04-11,4,0
2020-04-12,4,0
2020-04-13,4,0
2020-04-14,4,0
2020-04-15,4,1
2020-04-16,5,3
2020-04-17,8,0
2020-04-18,8,0
2020-04-19,8,0
2020-04-20,8,0
2020-04-21,8,0
2020-04-22,8,0
2020-04-23,8,1
2020-04-24,9,1
2020-04-25,10,1
2020-04-26,11,0
2020-04-27,11,0
2020-04-28,11,2
2020-04-29,13,1
2020-04-30,14,0
2020-05-01,14,0
2020-05-02,14,0
2020-05-03,14,0
2020-05-04,14,0
2020-05-05,14,1
2020-05-06,15,5
2020-05-07,20,3
2020-05-08,23,3
2020-05-09,26,1
2020-05-10,27,1
2020-05-11,28,+
2020-05-12,28,+
2020-05-13,28,5
2020-05-14,33,+
2020-05-15,33,2
2020-05-16,35,3
2020-05-17,38,1
2020-05-18,39,+
2020-05-19,39,2
2020-05-20,41,4
2020-05-21,45,1
2020-05-22,46,1
2020-05-23,47,1
2020-05-24,48,+
2020-05-25,48,+
2020-05-26,48,+
2020-05-27,48,1
2020-05-28,49,1
2020-05-29,50,-1
2020-05-30,49,3
2020-05-31,52,+
2020-06-01,52,+
2020-06-02,52,1
2020-06-03,53,1
2020-06-04,54,2
2020-06-05,56,1
2020-06-06,57,2
2020-06-07,59,+
2020-06-08,59,+
2020-06-09,59,1
2020-06-10,60,+
2020-06-11,60,6
2020-06-12,66,+
2020-06-13,66,+
2020-06-14,66,+
2020-06-15,66,+
2020-06-16,66,3
2020-06-17,69,+
2020-06-18,70,2
2020-06-19,73,-13
2020-06-20,61,+
2020-06-21,61,+
2020-06-22,61,+
2020-06-23,61,1
2020-06-24,62,3
2020-06-25,65,7.40244
2020-06-26,65,+
2020-06-27,66,+
2020-06-28,66,+
2020-06-29,67,+
2020-06-30,68,+
2020-07-01,68,+
2020-07-02,69,+
2020-07-03,70,+
2020-07-04,70,+
2020-07-05,71,+
2020-07-06,72,+
2020-07-07,72,+
2020-07-08,73,+
2020-07-09,74,+
2020-07-10,75,+
