Data,Saida_Estimada,Saida,Erro
2020-03-27,0,0
2020-03-28,1,0
2020-03-29,1,0
2020-03-30,1,0
2020-03-31,1,0
2020-04-01,1,0
2020-04-02,1,0
2020-04-03,2,0
2020-04-04,2,0
2020-04-05,2,0
2020-04-06,2,0
2020-04-07,2,0
2020-04-08,2,0
2020-04-09,2,0
2020-04-10,2,0
2020-04-11,2,0
2020-04-12,2,0
2020-04-13,2,0
2020-04-14,2,0
2020-04-15,2,1
2020-04-16,2,4
2020-04-17,5,2
2020-04-18,6,3
2020-04-19,8,2
2020-04-20,10,0
2020-04-21,10,3
2020-04-22,12,2
2020-04-23,14,0
2020-04-24,14,2
2020-04-25,16,4
2020-04-26,19,1
2020-04-27,20,0
2020-04-28,20,5
2020-04-29,24,3
2020-04-30,27,2
2020-05-01,29,0
2020-05-02,29,0
2020-05-03,29,0
2020-05-04,29,0
2020-05-05,29,1
2020-05-06,30,1
2020-05-07,31,+
2020-05-08,31,2
2020-05-09,33,4
2020-05-10,37,1
2020-05-11,38,+
2020-05-12,38,3
2020-05-13,41,5
2020-05-14,46,2
2020-05-15,48,2
2020-05-16,50,+
2020-05-17,50,2
2020-05-18,52,+
2020-05-19,52,2
2020-05-20,54,3
2020-05-21,57,4
2020-05-22,61,5
2020-05-23,66,3
2020-05-24,69,+
2020-05-25,69,+
2020-05-26,69,1
2020-05-27,70,11
2020-05-28,80,3
2020-05-29,83,4
2020-05-30,87,4
2020-05-31,91,1
2020-06-01,92,-1
2020-06-02,91,11
2020-06-03,102,5
2020-06-04,107,6
2020-06-05,113,4
2020-06-06,117,1
2020-06-07,118,1
2020-06-08,119,1
2020-06-09,120,7
2020-06-10,127,13
2020-06-11,140,3
2020-06-12,143,2
2020-06-13,145,+
2020-06-14,145,1
2020-06-15,146,1
2020-06-16,147,2
2020-06-17,149,20
2020-06-18,169,3
2020-06-19,172,11
2020-06-20,183,4
2020-06-21,187,1
2020-06-22,188,+
2020-06-23,188,11
2020-06-24,199,8
2020-06-25,207,11
2020-06-26,218,9
2020-06-27,227,8
2020-06-28,235,+
2020-06-29,235,1
2020-06-30,236,11
2020-07-01,247,4
2020-07-02,251,11
2020-07-03,262,5
2020-07-04,267,6
2020-07-05,273,+
2020-07-06,273,+
2020-07-07,273,22
2020-07-08,295,9
2020-07-09,304,-304
2020-07-10,303,+
2020-07-11,303,+
2020-07-12,303,+
2020-07-13,303,+
2020-07-14,303,+
2020-07-15,303,+
2020-07-16,303,+
2020-07-17,303,+
2020-07-18,302,+
2020-07-19,302,+
2020-07-20,302,+
2020-07-21,302,+
2020-07-22,302,+
2020-07-23,302,+
2020-07-24,302,+
