Data,Saida_Estimada,Saida,Erro
2020-03-27,0,0,0
2020-03-28,0,0,0
2020-03-29,0,0,0
2020-03-30,0,0,0
2020-03-31,0,0,0
2020-04-01,0,0,0
2020-04-02,0,0,0
2020-04-03,0,0,0
2020-04-04,0,0,0
2020-04-05,0,0,0
2020-04-06,0,2,2
2020-04-07,1,2,1
2020-04-08,2,2,0
2020-04-09,2,3,1
2020-04-10,3,4,1
2020-04-11,4,4,0
2020-04-12,4,4,0
2020-04-13,4,4,0
2020-04-14,4,4,0
2020-04-15,4,5,1
2020-04-16,5,8,3
2020-04-17,8,8,0
2020-04-18,8,8,0
2020-04-19,8,8,0
2020-04-20,8,8,0
2020-04-21,8,8,0
2020-04-22,8,8,0
2020-04-23,8,9,1
2020-04-24,9,10,1
2020-04-25,10,11,1
2020-04-26,11,11,0
2020-04-27,11,11,0
2020-04-28,11,13,2
2020-04-29,13,14,1
2020-04-30,14,14,0
2020-05-01,14,14,0
2020-05-02,14,14,0
2020-05-03,14,14,0
2020-05-04,14,14,0
2020-05-05,14,15,1
2020-05-06,15,20,5
2020-05-07,20,23,3
2020-05-08,23,26,3
2020-05-09,26,27,1
2020-05-10,27,28,1
2020-05-11,28,28,+
2020-05-12,28,28,+
2020-05-13,28,33,5
2020-05-14,33,33,+
2020-05-15,33,35,2
2020-05-16,35,38,3
2020-05-17,38,39,1
2020-05-18,39,39,+
2020-05-19,39,41,2
2020-05-20,41,45,4
2020-05-21,45,46,1
2020-05-22,46,47,1
2020-05-23,47,48,1
2020-05-24,48,48,+
2020-05-25,48,48,+
2020-05-26,48,48,+
2020-05-27,48,49,1
2020-05-28,49,50,1
2020-05-29,50,49,-1
2020-05-30,49,52,3
2020-05-31,52,52,+
2020-06-01,52,52,+
2020-06-02,52,53,1
2020-06-03,53,54,1
2020-06-04,54,56,2
2020-06-05,56,57,1
2020-06-06,57,59,2
2020-06-07,59,59,+
2020-06-08,59,59,+
2020-06-09,59.8283,60,0.171676
2020-06-10,60.6446,60,-0.644643
2020-06-11,61.4728,66,4.52723
2020-06-12,62.3122,66,3.68782
2020-06-13,63.1631,66,2.83695
2020-06-14,64.0255,66,1.97445
2020-06-15,64.8998,66,1.10018
2020-06-16,65.786,69,3.21397
2020-06-17,66.6843,69,2.31566
2020-06-18,67.5949,72,4.40509
2020-06-19,68.5179,60,-8.51793
2020-06-20,69.4535,61,-8.45354
2020-06-21,70.4019,61,-9.40193
2020-06-22,71.3633,61,-10.3633
2020-06-23,72.3377,62,-10.3377
2020-06-24,73.3255,3.79936e-321,-73.3255
