Data,Saida_Estimada,Saida,Erro
2020-03-27,0,0,0
2020-03-28,1,1,0
2020-03-29,1,1,0
2020-03-30,1,1,0
2020-03-31,1,1,0
2020-04-01,1,1,0
2020-04-02,1,1,0
2020-04-03,2,2,0
2020-04-04,2,2,0
2020-04-05,2,2,0
2020-04-06,2,2,0
2020-04-07,2,2,0
2020-04-08,2,2,0
2020-04-09,2,2,0
2020-04-10,2,2,0
2020-04-11,2,2,0
2020-04-12,2,2,0
2020-04-13,2,2,0
2020-04-14,2,2,0
2020-04-15,2,3,1
2020-04-16,2,6,4
2020-04-17,5,7,2
2020-04-18,6,9,3
2020-04-19,8,10,2
2020-04-20,10,10,0
2020-04-21,10,13,3
2020-04-22,12,14,2
2020-04-23,14,14,0
2020-04-24,14,16,2
2020-04-25,16,20,4
2020-04-26,19,20,1
2020-04-27,20,20,0
2020-04-28,20,25,5
2020-04-29,24,27,3
2020-04-30,27,29,2
2020-05-01,29,29,0
2020-05-02,29,29,0
2020-05-03,29,29,0
2020-05-04,29,29,0
2020-05-05,29,30,1
2020-05-06,30,31,1
2020-05-07,31,31,+
2020-05-08,31,33,2
2020-05-09,33,37,4
2020-05-10,37,38,1
2020-05-11,38,38,+
2020-05-12,38,41,3
2020-05-13,41,46,5
2020-05-14,46,48,2
2020-05-15,48,50,2
2020-05-16,50,50,+
2020-05-17,50,52,2
2020-05-18,52,52,+
2020-05-19,52,54,2
2020-05-20,54,57,3
2020-05-21,57,61,4
2020-05-22,61,66,5
2020-05-23,66,69,3
2020-05-24,69,69,+
2020-05-25,69,69,+
2020-05-26,69,70,1
2020-05-27,70,81,11
2020-05-28,80,83,3
2020-05-29,83,87,4
2020-05-30,87,91,4
2020-05-31,91,92,1
2020-06-01,92,91,-1
2020-06-02,91,102,11
2020-06-03,102,107,5
2020-06-04,107,113,6
2020-06-05,113,117,4
2020-06-06,117,118,1
2020-06-07,118,119,1
2020-06-08,119,120,1
2020-06-09,120,127,7
2020-06-10,127,140,13
2020-06-11,140,143,3
2020-06-12,143,145,2
2020-06-13,145,145,+
2020-06-14,145,146,1
2020-06-15,146,147,1
2020-06-16,147,149,2
2020-06-17,149,169,20
2020-06-18,169,172,3
2020-06-19,172,183,11
2020-06-20,183,187,4
2020-06-21,187,188,1
2020-06-22,188,188,+
2020-06-23,188,199,11
2020-06-24,188.48,207,18.5198
2020-06-25,188.952,218,29.0481
2020-06-26,189.425,227,37.5749
2020-06-27,189.899,235,45.1006
2020-06-28,190.375,235,44.6251
2020-06-29,190.852,236,45.1485
2020-06-30,191.329,247,55.6706
2020-07-01,191.808,251,59.1915
2020-07-02,192.289,262,69.7112
2020-07-03,192.77,267,74.2298
2020-07-04,193.253,273,79.7471
2020-07-05,193.737,273,79.2632
2020-07-06,194.222,273,78.7781
2020-07-07,194.708,295,100.292
2020-07-08,195.196,304,108.804
2020-07-09,195.685,4.18968e-321,-195.685
