Data,Saida_Estimada,Saida,Erro
2020-03-27,0,0,0
2020-03-28,0,0,0
2020-03-29,0,0,0
2020-03-30,0,0,0
2020-03-31,0,0,0
2020-04-01,0,0,0
2020-04-02,0,0,0
2020-04-03,0,0,0
2020-04-04,1,1,0
2020-04-05,1,1,0
2020-04-06,1,1,0
2020-04-07,1,3,2
2020-04-08,3,3,0
2020-04-09,3,3,0
2020-04-10,3,4,1
2020-04-11,4,4,0
2020-04-12,4,5,1
2020-04-13,5,5,0
2020-04-14,5,5,0
2020-04-15,5,5,0
2020-04-16,5,5,0
2020-04-17,5,6,1
2020-04-18,6,7,1
2020-04-19,7,8,1
2020-04-20,8,8,0
2020-04-21,8,8,0
2020-04-22,8,8,0
2020-04-23,8,9,1
2020-04-24,9,11,2
2020-04-25,11,13,2
2020-04-26,13,14,1
2020-04-27,14,14,0
2020-04-28,14,14,0
2020-04-29,14,14,0
2020-04-30,14,14,0
2020-05-01,14,14,0
2020-05-02,14,14,0
2020-05-03,14,14,0
2020-05-04,14,14,0
2020-05-05,14,14,0
2020-05-06,14,15,1
2020-05-07,15,16,1
2020-05-08,16,16,+
2020-05-09,16,16,+
2020-05-10,16,16,+
2020-05-11,16,17,1
2020-05-12,17,17,+
2020-05-13,17,17,+
2020-05-14,17,17,+
2020-05-15,17,17,+
2020-05-16,17,18,1
2020-05-17,18,19,1
2020-05-18,19,19,+
2020-05-19,19,20,1
2020-05-20,20,22,2
2020-05-21,22,22,+
2020-05-22,22,24,2
2020-05-23,24,25,1
2020-05-24,25,25,+
2020-05-25,25,25,+
2020-05-26,25,25,+
2020-05-27,25,26,1
2020-05-28,26,26,+
2020-05-29,26,26,+
2020-05-30,26,28,2
2020-05-31,28,29,1
2020-06-01,29,29,+
2020-06-02,29,32,3
2020-06-03,32,33,1
2020-06-04,33,34,1
2020-06-05,34,39,5
2020-06-06,39,41,2
2020-06-07,41,41,+
2020-06-08,41,44,3
2020-06-09,44,44,+
2020-06-10,44,47,3
2020-06-11,47,47,+
2020-06-12,47,47,+
2020-06-13,47,52,5
2020-06-14,52,59,7
2020-06-15,60,61,1
2020-06-16,61,65,4
2020-06-17,65,70,5
2020-06-18,71,74,3
2020-06-19,74,79,5
2020-06-20,80,80,+
2020-06-21,80,82,2
2020-06-22,82,85,3
2020-06-23,86,88,2
2020-06-24,89,88,-1
2020-06-25,88,91,3
2020-06-26,92,100,8
2020-06-27,101,100,-1
2020-06-28,100,102,2
2020-06-29,103,102,-1
2020-06-30,102,106,4
2020-07-01,107,108,1
2020-07-02,109,110,1
2020-07-03,111,113,2
2020-07-04,114,119,5
2020-07-05,120,119,-1
2020-07-06,120,123,3
2020-07-07,124,128,4
2020-07-08,129,129,+
2020-07-09,130.32,129,-1.32001
2020-07-10,131.675,136,4.32465
2020-07-11,133.046,139,5.95371
2020-07-12,134.432,139,4.56838
2020-07-13,135.831,139,3.16862
2020-07-14,137.246,142,4.75429
2020-07-15,138.675,142,3.32523
2020-07-16,140.119,144,3.88129
2020-07-17,141.578,146,4.42231
2020-07-18,143.052,146,2.94814
2020-07-19,144.541,146,1.45863
2020-07-20,146.046,150,3.9536
2020-07-21,147.567,150,2.4329
2020-07-22,149.104,151,1.89637
2020-07-23,150.656,154,3.34384
2020-07-24,152.225,4.43177e-321,-152.225
